0.35 2.26
0.43 2.3
0.4 2.34
0.43 2.31
0.4 2.19
0.33 2.3
0.32 2.32
0.36 2.17
0.35 2.28
0.28 2.24
0.49 2.29
0.5 2.3
0.44 2.34
0.46 2.35
0.46 2.35
0.42 2.35
0.46 2.29
0.47 2.27
0.48 2.28
0.45 2.29
0.49 2.25
0.45 2.18
0.31 2.4
0.31 2.36
0.29 2.41
0.27 2.35
0.49 2.39
0.33 2.46
0.29 2.49
0.34 2.46
0.28 2.48
0.36 2.43
0.32 2.46
0.51 2.44
0.47 2.46
0.38 2.51
0.24 2.51
0.54 2.51
0.5 2.54
0.53 2.55
0.52 2.5
0.44 2.55
0.44 2.58
0.38 2.6
0.3 2.61
0.18 2.61
0.59 2.57
0.51 2.65
0.42 2.62
0.43 2.67
0.37 2.65
0.36 2.64
0.32 2.64
0.35 2.65
0.33 2.63
0.28 2.73
0.3 2.67
0.24 2.75
0.26 2.76
0.28 2.66
0.53 2.68
0.46 2.69
0.47 2.7
0.43 2.69
0.41 2.7
0.38 2.78
0.35 2.77
0.55 2.8
1.24 0.82
1.12 0.42
1.13 0.41
1.29 1.28
1.31 1.24
1.32 1.24
1.33 1.15
1.26 1.32
1.28 1.22
1.22 1.37
1.13 1.49
1.33 1.29
1.31 1.29
1.34 1.28
1.37 1.2
1.34 1.27
1.36 1.18
1.35 1.35
1.26 1.39
1.29 1.41
1.39 1.3
1.36 1.36
1.45 1.17
1.44 1.19
1.42 1.24
1.43 1.14
1.34 1.48
1.34 1.44
1.25 1.43
1.29 1.49
1.22 1.44
1.42 1.29
1.37 1.37
1.43 1.38
1.4 1.43
1.39 1.41
1.46 1.17
1.47 1.21
1.5 1.12
1.51 1.16
1.46 1.1
1.45 1.13
1.45 1.13
1.45 1.13
1.47 1.08
1.48 1.1
1.46 1.09
1.39 1.54
1.33 1.55
1.34 1.56
1.33 1.53
1.29 1.53
1.26 1.5
1.28 1.5
1.23 1.49
1.22 1.47
1.22 1.49
1.18 1.5
1.49 1.35
1.5 1.38
1.49 1.4
1.46 1.4
1.45 1.48
1.45 1.48
1.54 1.19
1.55 1.2
1.53 1.21
1.53 1.22
1.56 1.13
1.55 1.08
1.54 1.12
1.45 1.06
1.38 1.6
1.41 1.61
1.42 1.58
1.43 1.55
1.34 1.58
1.35 1.6
1.37 1.57
1.29 1.57
1.32 1.61
1.18 1.55
1.18 1.56
1.13 1.52
1.57 1.41
1.52 1.46
1.58 1.14
1.56 1.24
1.57 1.13
1.59 1.26
1.57 1.27
1.61 1.09
1.59 1.07
1.36 1.65
1.35 1.65
1.33 1.64
1.45 1.65
1.48 1.59
1.24 1.61
1.27 1.63
1.25 1.59
1.23 1.6
1.2 1.61
1.63 1.35
1.64 1.48
1.61 1.48
1.63 1.46
1.62 1.33
1.59 1.34
1.6 1.4
1.63 1.17
1.66 1.24
1.63 1.31
1.64 1.26
1.64 1.3
1.62 1.27
1.54 1.31
1.37 1.71
1.33 1.69
1.52 1.62
1.42 1.71
1.42 1.71
1.51 1.61
1.69 1.32
1.67 1.34
1.69 1.3
1.66 1.56
1.7 1.55
1.68 1.54
1.66 1.5
1.66 1.51
1.6 1.57
1.66 1.21
1.69 1.26
1.61 1.62
1.58 1.65
1.57 1.6
1.54 1.59
1.56 1.69
1.5 1.77
1.47 1.79
1.71 1.41
1.67 1.64
1.69 1.63
1.64 1.58
1.63 1.64
1.61 1.69
1.62 1.71
1.54 1.72
1.62 1.73
1.56 1.77
1.58 1.79
1.57 1.82
1.52 1.77
1.53 1.88
1.7 1.7
1.72 1.66
1.71 1.7
1.73 1.68
1.73 1.66
1.67 1.69
1.72 1.7
1.64 1.81
1.63 1.81
1.65 1.87
1.66 1.85
1.6 1.9
1.71 1.74
1.67 1.74
1.69 1.71
1.7 1.87
1.09 2.0
1.25 1.93
1.14 1.85
1.16 1.97
1.17 2.0
1.19 2.03
1.13 1.87
1.14 1.93
1.13 1.83
1.1 1.89
1.31 1.86
1.29 1.84
1.31 1.85
1.31 1.83
1.27 1.89
1.26 1.86
1.24 1.83
1.2 1.8
1.24 1.81
1.22 1.77
1.21 1.76
1.13 1.75
1.19 1.81
1.32 1.78
1.25 1.75
1.24 1.75
1.24 1.71
1.09 1.65
0.88 2.49
0.92 2.5
0.87 2.51
0.92 2.54
0.9 2.58
0.9 2.56
0.83 2.57
0.83 2.56
0.85 2.51
0.95 2.47
0.96 2.48
0.92 2.41
0.96 2.62
0.97 2.63
0.88 2.65
0.85 2.65
0.8 2.63
0.89 2.34
0.97 2.69
0.91 2.73
0.89 2.7
0.93 2.68
0.83 2.72
0.92 2.77
0.93 2.77
0.96 2.76
0.87 2.79
0.89 2.91
0.79 2.88
0.79 2.85
0.87 2.99
0.96 2.92
0.97 2.97
0.97 2.96
0.95 2.94
0.92 2.97
0.85 2.96
0.81 2.9
0.8 2.9
0.75 3.0
0.8 3.01
0.89 3.06
0.86 3.06
0.83 3.1
0.76 3.1
0.78 3.12
0.81 3.11
0.87 3.08
0.94 3.13
0.87 3.1
0.88 3.09
0.82 3.13
0.83 3.16
0.74 3.2
0.8 3.18
0.76 3.21
0.87 3.19
0.81 3.26
0.78 3.26
0.79 3.28
0.79 3.26
0.77 3.26
0.76 3.27
0.83 3.26
0.87 3.3
0.87 3.25
0.86 3.26
0.91 3.26
0.91 3.29
0.92 3.3
0.92 3.31
0.87 3.33
0.42 3.67
0.42 3.87
0.46 3.78
0.34 3.75
0.39 3.77
0.39 3.82
0.4 3.81
0.38 3.85
0.34 3.8
0.33 3.78
0.42 3.67
0.42 3.69
0.42 3.71
0.41 3.93
0.38 3.94
0.41 3.93
0.38 3.93
0.29 3.91
0.45 4.01
0.4 4.02
0.41 4.01
0.39 4.02
0.32 3.96
0.35 4.02
0.32 3.98
0.32 3.98
0.29 3.95
0.46 4.08
0.51 4.03
0.52 4.04
0.53 4.04
0.39 4.05
0.41 4.03
0.36 4.03
0.32 4.03
0.3 4.06
0.52 4.08
0.42 4.13
0.42 4.15
0.41 4.14
0.29 4.1
0.31 4.1
0.3 4.08
0.29 4.13
0.27 4.1
0.26 4.08
0.46 4.19
0.48 4.19
0.5 4.16
0.44 4.2
0.45 4.17
0.41 4.21
0.35 4.19
0.33 4.2
0.24 4.2
0.27 4.17
0.5 4.22
0.44 4.25
0.5 4.21
0.45 4.24
0.38 4.27
0.38 4.26
0.39 4.27
0.34 4.23
0.23 4.24
0.46 4.29
0.46 4.31
0.32 4.3
0.37 4.28
0.29 4.3
0.25 4.31
0.26 4.32
0.24 4.31
0.24 4.33
0.29 4.38
0.22 4.35
0.22 4.27
0.29 4.4
0.38 4.37
0.32 4.39
0.31 4.41
1.13 3.03
1.28 3.1
1.24 2.95
1.26 3.11
1.28 3.1
1.26 3.11
1.28 2.99
1.24 3.03
1.23 3.14
1.24 2.96
1.27 2.95
1.25 3.15
1.33 3.16
1.32 3.17
1.3 3.17
1.32 3.07
1.32 3.02
1.3 3.09
1.28 3.2
1.22 3.19
1.3 2.93
1.33 3.01
1.33 2.93
1.29 2.94
1.28 2.92
1.24 3.23
1.4 3.12
1.36 3.16
1.37 3.23
1.3 3.25
1.38 3.03
1.4 3.0
1.29 3.28
1.25 3.29
1.37 2.91
1.3 2.86
1.29 2.86
1.27 3.31
1.26 3.29
1.4 3.23
1.39 3.24
1.4 3.31
1.38 3.26
1.33 3.29
1.4 2.92
1.42 2.92
1.43 2.94
1.43 2.95
1.42 2.96
1.4 2.96
1.33 3.35
1.24 3.33
1.35 2.83
1.36 2.85
1.31 2.82
1.33 2.81
1.33 2.83
1.24 2.84
1.25 2.81
1.24 3.39
1.34 3.39
1.38 2.9
1.39 2.91
1.38 2.87
1.24 3.43
1.42 2.81
1.3 3.43
1.32 3.45
1.29 3.45
1.27 3.46
1.26 3.44
1.39 3.47
1.46 2.84
1.44 2.73
1.46 2.75
1.44 2.74
1.45 2.76
1.44 2.74
1.31 3.49
1.33 3.51
1.34 3.51
1.31 3.54
1.46 3.53
1.46 3.52
1.42 3.5
1.39 3.52
1.32 3.54
1.47 2.72
1.5 2.73
1.44 2.71
1.42 2.7
1.39 2.69
1.32 3.57
1.3 3.57
1.36 3.6
1.3 3.6
1.51 2.67
1.49 2.63
1.43 2.64
1.36 2.68
1.34 2.67
1.34 3.68
1.43 3.63
1.43 3.61
1.4 3.63
1.39 3.63
1.25 3.66
1.51 2.6
1.48 2.58
1.44 2.61
1.41 2.6
1.43 2.56
1.42 2.59
1.31 2.64
1.3 2.68
1.28 2.63
1.28 2.73
1.28 2.61
1.39 3.72
1.33 3.74
1.39 3.69
1.33 3.71
1.45 3.64
1.18 3.65
1.13 3.65
1.49 2.56
1.46 2.52
1.46 2.5
1.46 2.5
1.42 2.52
1.38 2.51
1.38 2.51
1.3 2.56
1.39 3.79
1.4 3.78
1.4 3.8
1.4 3.76
1.35 3.79
1.33 3.82
1.51 2.48
1.47 2.45
1.47 2.45
1.48 2.47
1.48 2.46
1.4 2.48
1.51 2.45
1.43 2.45
1.36 2.48
1.39 2.43
1.4 3.85
1.34 3.85
1.38 3.89
1.29 3.85
1.29 3.88
1.25 3.84
1.56 2.42
1.57 2.49
1.5 2.43
1.39 2.42
1.41 2.39
1.39 2.39
1.38 2.39
1.36 3.92
1.4 3.92
1.59 2.44
1.56 2.36
1.55 2.36
1.47 2.36
1.45 2.38
1.43 2.37
1.37 2.35
1.43 2.35
1.39 2.32
1.31 3.98
1.36 3.97
1.32 3.97
1.29 3.97
1.6 2.29
1.6 2.32
1.53 2.29
1.5 2.28
1.46 2.32
1.43 2.3
1.44 2.29
1.43 2.26
1.33 4.05
1.28 3.99
1.27 3.99
1.26 4.05
1.27 3.9
1.26 3.91
1.25 3.93
1.57 2.24
1.54 2.22
1.56 2.26
1.55 2.19
1.52 2.2
1.48 2.21
1.43 2.21
1.43 2.19
1.42 2.21
1.36 4.16
1.27 4.15
1.27 4.15
1.26 4.12
1.24 4.15
1.62 2.16
1.53 2.17
1.44 2.12
1.44 2.09
1.32 4.2
1.32 4.23
1.3 4.23
1.3 4.2
1.26 4.22
1.29 4.19
1.24 4.21
1.65 2.1
1.64 2.11
1.57 2.08
1.57 2.13
1.57 2.1
1.53 2.06
1.48 2.01
1.32 4.28
1.31 4.29
1.31 4.3
1.26 4.28
1.25 4.29
1.22 4.26
1.64 2.05
1.64 2.01
1.57 2.06
1.6 2.04
1.55 2.07
1.57 2.0
1.59 2.02
1.54 2.02
1.53 2.0
1.56 1.99
1.5 1.96
1.51 1.97
1.5 1.94
1.47 1.95
1.27 4.3
1.28 4.32
1.26 4.34
1.24 4.36
1.18 4.27
1.63 2.0
1.59 2.01
1.6 1.98
1.56 1.95
1.31 4.39
1.21 4.37
1.22 4.45
1.42 4.37
1.14 4.53
1.22 4.54
1.15 4.51
1.16 4.48
1.14 4.49
1.17 4.62
1.15 4.64
1.18 4.59
1.17 4.61
1.26 4.58
1.18 4.65
1.17 4.66
1.2 4.67
1.18 4.7
1.22 4.71
1.15 4.74
1.28 4.65
1.12 4.74
1.16 4.78
1.21 4.81
1.13 4.79
1.08 4.83
1.29 4.81
1.29 4.83
1.29 4.84
1.26 4.84
1.28 4.8
1.26 4.85
1.28 4.8
1.23 4.83
1.25 4.86
1.1 4.89
1.08 4.86
1.08 4.87
1.28 4.88
1.32 4.88
1.32 4.78
1.33 4.87
1.22 4.91
1.28 4.93
1.26 4.95
1.39 4.85
1.19 4.97
1.15 4.9
1.28 5.01
1.33 4.96
1.32 4.97
1.31 5.02
1.24 5.03
1.15 5.01
1.16 5.01
1.13 4.97
1.16 5.01
1.12 4.96
1.1 4.98
1.09 4.96
1.35 5.0
1.32 5.09
1.23 5.06
1.38 5.03
1.37 4.96
1.2 5.1
1.18 5.07
1.13 5.05
1.1 5.0
1.11 5.01
1.08 5.01
1.06 4.98
1.33 5.15
1.4 5.09
1.37 5.14
1.33 5.13
1.34 5.13
1.31 5.12
1.41 5.01
1.41 5.04
1.45 5.05
1.45 5.0
1.44 5.01
1.22 5.18
1.22 5.18
1.16 5.1
1.21 5.18
1.15 5.12
1.15 5.13
1.05 5.04
1.04 5.01
1.03 5.0
1.02 4.96
1.42 5.14
1.44 5.12
1.46 5.02
1.46 5.0
1.48 5.05
1.29 5.22
1.24 5.19
1.24 5.18
1.17 5.21
1.17 5.25
1.18 5.21
1.07 5.14
1.08 5.17
1.1 5.14
1.03 5.07
1.54 5.01
1.54 5.1
1.56 5.08
1.33 5.24
1.36 5.24
1.25 5.29
1.33 5.22
1.34 5.22
1.21 5.29
1.15 5.3
1.15 5.32
1.11 5.28
1.09 5.27
1.04 5.21
1.01 5.19
1.05 5.14
1.04 5.18
1.02 5.18
1.0 5.19
1.64 4.99
1.6 5.0
1.51 4.93
1.52 5.18
1.55 5.16
1.64 5.11
1.58 5.12
1.09 5.38
1.15 5.39
1.17 5.4
1.06 5.31
1.04 5.28
1.05 5.35
1.01 5.25
0.97 5.25
0.97 5.28
1.68 4.91
1.6 4.86
1.58 4.9
1.58 4.86
1.47 4.91
1.45 4.89
1.44 4.86
1.53 5.23
1.45 5.24
1.48 5.24
1.5 5.25
1.45 5.2
1.62 5.26
1.62 5.25
1.16 5.46
1.21 5.4
1.18 5.44
1.21 5.39
1.15 5.44
1.15 5.43
1.04 5.36
1.04 5.38
0.99 5.31
1.05 5.4
1.05 5.42
1.03 5.39
1.0 5.37
0.97 5.35
1.63 4.79
1.6 4.78
1.51 4.81
1.49 5.32
1.39 5.26
1.43 5.31
1.4 5.23
1.38 5.23
1.72 5.27
1.63 5.27
1.14 5.49
1.09 5.48
1.22 5.47
1.11 5.47
1.24 5.48
1.02 5.42
1.05 5.45
1.08 5.46
0.96 5.4
0.96 5.43
0.96 5.4
0.95 5.43
1.41 4.87
1.41 4.9
1.41 4.86
1.47 5.35
1.46 5.35
1.42 5.33
1.4 5.35
1.38 5.34
1.4 5.38
1.14 5.55
1.13 5.53
1.06 5.53
1.06 5.49
1.28 5.5
1.29 5.45
1.29 5.44
0.93 5.47
1.39 5.39
1.39 5.39
1.35 5.37
1.41 5.47
1.43 5.46
1.07 5.59
1.11 5.62
1.12 5.62
1.22 5.58
1.0 5.55
0.98 5.52
1.29 5.56
1.28 5.57
1.31 5.48
1.32 5.49
1.3 5.5
1.31 5.54
1.38 5.48
1.37 5.51
1.18 5.65
1.21 5.62
1.19 5.66
1.15 5.67
1.03 5.63
1.25 5.58
1.29 5.58
1.28 5.58
1.26 5.62
1.24 5.59
1.39 5.59
1.22 5.68
1.27 5.69
0.95 5.62
0.99 5.64
1.01 5.63
1.01 5.69
0.97 5.62
0.96 5.59
1.31 5.64
1.3 5.66
1.41 5.66
1.36 5.66
1.29 5.73
1.29 5.71
0.91 5.65
0.97 5.56
0.93 5.57
0.93 5.61
0.91 5.67
0.9 5.58
1.35 5.72
1.32 5.76
1.31 5.73
1.28 5.77
0.91 5.71
0.85 5.61
0.88 5.65
0.92 5.52
0.89 5.51
0.89 5.53
0.93 5.73
0.88 5.73
0.91 5.74
0.88 5.73
1.37 5.78
1.36 5.76
1.35 5.78
1.3 5.81
1.31 5.81
1.3 5.82
1.3 5.83
1.26 5.84
1.29 5.84
0.84 5.72
0.86 5.76
0.86 5.75
0.94 5.8
0.95 5.78
0.98 5.76
0.85 5.79
0.86 5.79
0.83 5.77
1.35 5.86
1.39 5.8
1.28 5.87
1.23 5.85
1.24 5.88
1.22 5.89
0.81 5.78
0.82 5.77
0.81 5.8
0.98 5.83
1.0 5.83
1.0 5.78
0.99 5.8
0.91 5.84
1.05 5.77
1.01 5.72
0.82 5.82
1.35 5.92
1.31 5.94
1.17 5.86
1.26 5.96
1.24 5.97
1.21 5.97
0.82 5.85
0.78 5.84
0.79 5.87
1.02 5.84
1.0 5.85
1.05 5.8
1.05 5.81
1.07 5.72
1.07 5.74
1.28 5.99
1.25 6.01
1.23 6.02
1.32 5.98
1.23 6.06
1.25 6.06
0.81 5.93
0.86 5.92
0.78 5.93
1.04 5.9
1.34 6.02
1.35 5.96
1.24 6.07
1.36 5.97
1.28 6.12
1.28 6.11
1.27 6.13
1.21 6.13
0.77 5.97
0.86 5.96
0.85 5.96
0.81 5.96
0.76 5.96
0.76 5.97
0.77 5.94
0.91 5.97
0.94 5.94
0.92 5.95
0.78 6.0
1.02 5.97
1.02 5.97
1.02 5.95
1.34 6.09
1.3 6.13
1.32 6.11
1.26 6.16
1.26 6.19
1.23 6.19
1.21 6.21
1.24 6.2
1.22 6.19
0.8 6.03
0.72 6.0
0.77 6.01
0.84 6.02
0.96 5.99
0.91 6.03
0.93 6.02
1.07 6.08
1.26 6.28
1.28 6.26
1.24 6.27
1.23 6.29
0.82 6.09
0.81 6.07
0.75 6.07
0.76 6.09
0.77 6.08
0.98 6.09
0.93 6.06
0.93 6.14
0.94 6.13
1.29 6.31
1.31 6.28
1.29 6.33
1.22 6.37
1.24 6.32
1.2 6.36
0.75 6.1
0.74 6.13
0.72 6.11
0.72 6.13
0.77 6.16
0.75 6.16
0.94 6.17
0.89 6.15
0.89 6.15
0.91 6.13
0.89 6.17
0.85 6.19
1.35 6.33
1.33 6.34
1.33 6.36
1.34 6.3
1.32 6.32
1.32 6.25
1.35 6.26
1.36 6.26
1.29 6.42
1.25 6.39
0.77 6.19
0.78 6.22
0.94 6.24
0.86 6.23
0.82 6.24
0.85 6.28
1.38 6.4
1.37 6.41
1.38 6.24
1.36 6.2
1.32 6.21
1.36 6.45
1.38 6.43
1.32 6.45
1.27 6.5
0.9 6.27
1.01 6.29
0.91 6.34
1.0 6.28
0.85 6.33
0.81 6.34
1.41 6.19
1.35 6.16
1.37 6.53
1.34 6.54
1.37 6.56
1.3 6.61
1.31 6.59
1.29 6.56
1.4 6.61
1.41 6.55
1.38 6.59
1.4 6.58
1.4 6.55
1.34 6.61
1.3 6.66
1.28 6.71
1.34 6.77
1.3 6.77
1.31 6.78
1.28 6.79
1.32 6.75
1.29 6.77
1.24 6.77
1.24 6.8
1.4 6.77
1.38 6.82
1.39 6.78
1.32 6.82
1.33 6.81
1.26 6.82
1.26 6.88
1.26 6.88
1.21 6.88
1.41 6.83
1.4 6.84
1.42 6.81
1.38 6.87
1.36 6.89
1.34 6.85
1.25 6.93
1.25 6.92
1.23 6.92
1.23 6.95
1.23 6.9
1.22 6.91
1.38 6.9
1.25 6.97
1.32 6.99
1.23 7.03
1.21 7.05
1.39 7.04
1.33 7.09
1.26 7.1
1.24 7.07
1.4 7.14
1.36 7.13
1.35 7.15
1.35 7.15
1.38 7.11
1.39 7.1
1.34 7.12
1.3 7.16
1.26 7.19
1.25 7.2
1.38 7.21
1.29 7.27
1.27 7.29
1.22 7.29
1.36 7.26
1.38 7.28
1.36 7.28
1.29 7.32
1.3 7.33
1.27 7.35
1.24 7.32
1.24 7.34
1.24 7.38
1.4 7.34
1.41 7.33
1.36 7.33
1.33 7.38
1.29 7.38
1.23 7.42
1.34 7.41
1.36 7.42
1.35 7.45
1.32 7.44
1.25 7.47
1.25 7.49
1.24 7.51
1.23 7.48
0.97 3.56
1.0 3.62
1.01 3.59
1.05 3.61
1.06 3.55
1.03 3.57
0.98 3.57
1.0 3.61
1.0 3.62
1.0 3.61
0.95 3.6
1.01 3.69
0.99 3.68
1.0 3.7
1.08 3.64
1.12 3.65
1.07 3.69
1.1 3.49
1.14 3.57
1.09 3.46
1.04 3.47
0.93 3.67
0.92 3.67
1.0 3.75
0.96 3.75
1.1 3.7
1.07 3.76
1.01 3.79
1.02 3.82
0.99 3.77
1.0 3.77
1.0 3.78
0.98 3.79
1.09 3.82
1.02 3.86
1.03 3.86
1.03 3.87
1.03 3.86
1.02 3.84
1.01 3.88
0.98 3.87
1.12 3.91
1.13 3.88
1.03 3.92
0.98 3.88
0.97 3.88
0.98 3.88
0.98 3.91
1.0 3.93
0.96 3.92
1.11 3.96
1.09 3.97
1.14 3.93
1.08 3.92
1.08 3.96
0.94 3.93
1.01 4.0
0.91 3.96
0.96 4.0
0.91 4.05
0.88 4.06
0.91 4.06
1.02 4.06
1.0 4.04
0.92 4.15
0.89 4.16
0.96 4.16
1.05 4.09
1.09 4.06
1.06 4.06
1.05 4.11
1.04 4.1
1.01 4.17
0.95 4.2
0.96 4.18
1.0 4.16
0.89 4.23
0.93 4.24
0.88 4.2
1.07 4.15
1.07 4.14
0.99 4.24
0.98 4.25
0.94 4.26
0.96 4.27
0.94 4.31
0.9 4.29
0.98 4.28
1.03 4.26
1.03 4.26
1.03 4.3
1.02 4.35
1.01 4.36
1.02 4.32
1.07 4.31
1.07 4.25
1.06 4.26
1.04 4.37
1.03 4.39
0.99 4.43
1.01 4.45
1.01 4.46
0.19 4.46
0.27 4.54
0.27 4.56
0.28 4.55
0.31 4.51
0.31 4.49
0.22 4.53
0.19 4.54
0.29 4.57
0.31 4.58
0.34 4.5
0.33 4.5
0.36 4.51
0.36 4.5
0.34 4.62
0.3 4.65
0.38 4.55
0.33 4.68
0.29 4.73
0.24 4.68
0.2 4.68
0.45 4.57
0.42 4.5
0.43 4.66
0.38 4.77
0.4 4.73
0.38 4.75
0.36 4.79
0.34 4.79
0.33 4.79
0.33 4.82
0.21 4.76
0.25 4.8
0.47 4.68
0.46 4.68
0.47 4.66
0.47 4.67
0.5 4.54
0.45 4.68
0.5 4.48
0.47 4.45
0.44 4.73
0.44 4.72
0.41 4.82
0.35 4.83
0.35 4.86
0.27 4.83
0.28 4.89
0.21 4.83
0.19 4.76
0.5 4.39
0.44 4.36
0.49 4.35
0.43 4.39
0.44 4.38
0.38 4.4
0.42 4.87
0.45 4.88
0.43 4.84
0.43 4.85
0.37 4.88
0.41 4.86
0.34 4.9
0.31 4.91
0.26 4.92
0.17 4.86
0.24 4.93
0.18 4.92
0.16 4.9
0.14 4.66
0.38 4.94
0.45 4.9
0.3 4.98
0.31 4.98
0.34 4.97
0.25 4.95
0.26 4.99
0.14 5.0
0.19 5.0
0.21 5.0
0.14 4.99
0.46 4.98
0.37 4.97
0.36 5.02
0.29 5.02
0.33 5.02
0.17 5.02
0.17 5.04
0.4 5.02
0.43 5.06
0.38 5.04
0.46 5.0
0.36 5.06
0.31 5.06
0.34 5.06
0.27 5.09
0.5 5.09
0.23 5.09
0.26 5.18
0.24 5.16
0.23 5.17
0.42 5.18
0.5 5.14
0.41 5.19
0.4 5.16
0.38 5.15
0.31 5.21
0.29 5.19
0.26 5.22
0.22 5.22
0.17 5.22
0.15 5.21
0.15 5.22
0.42 5.26
0.42 5.27
0.38 5.22
0.41 5.2
0.37 5.18
0.34 5.28
0.27 5.29
0.28 5.3
0.15 5.25
0.16 5.25
0.2 5.3
0.15 5.3
0.43 5.29
0.38 5.31
0.41 5.31
0.4 5.31
0.35 5.34
0.33 5.37
0.18 5.4
0.16 5.36
0.16 5.39
0.38 5.37
0.36 5.4
0.19 5.49
0.15 5.48
0.15 5.48
0.23 5.44
0.26 5.45
0.2 5.45
0.41 5.46
0.41 5.44
0.32 5.49
0.27 5.48
0.27 5.5
0.25 5.49
0.22 5.55
0.27 5.48
0.19 5.57
0.15 5.51
0.29 5.49
0.38 5.54
0.37 5.52
0.31 5.57
0.29 5.54
0.28 5.54
0.22 5.57
0.27 5.59
0.18 5.6
0.19 5.59
0.23 5.63
0.15 5.64
0.37 5.62
0.4 5.62
0.44 5.57
0.32 5.6
0.33 5.59
0.3 5.64
0.24 5.64
0.23 5.66
0.19 5.67
0.15 5.68
0.16 5.71
0.16 5.72
0.14 5.73
0.4 5.64
0.35 5.63
0.27 5.7
0.21 5.74
0.16 5.76
0.15 5.74
0.19 5.78
0.29 5.77
0.26 5.78
0.24 5.76
0.28 5.78
0.28 5.75
0.23 5.79
0.15 5.84
0.3 5.79
0.32 5.82
0.35 5.83
0.32 5.85
0.21 5.86
0.39 5.85
0.38 5.85
0.28 5.89
0.38 5.91
0.35 5.91
0.27 5.91
0.32 5.95
0.31 5.95
0.25 5.93
0.21 5.93
0.4 5.91
0.4 5.93
0.33 5.96
0.27 5.98
0.24 5.98
0.28 6.02
0.21 5.97
0.17 5.95
0.16 5.88
0.16 5.94
0.29 6.05
0.27 6.02
0.32 6.06
0.31 6.06
3.18 2.79
3.29 2.79
3.27 2.79
3.25 2.7
3.19 2.82
3.21 2.81
3.23 2.81
3.22 2.75
3.18 2.82
3.15 2.87
3.28 2.91
3.21 2.92
3.17 2.92
3.15 2.92
3.17 2.94
3.14 2.96
3.12 2.95
3.25 2.96
3.26 2.94
3.24 2.95
3.14 3.01
3.12 3.02
3.16 3.03
3.13 3.02
3.12 3.02
3.24 3.04
3.21 3.04
3.19 3.05
3.16 3.07
3.13 3.06
3.09 3.09
3.26 3.12
3.25 3.1
3.23 3.09
3.13 3.12
3.1 3.13
3.14 3.15
3.11 3.17
3.08 3.18
3.25 3.18
3.23 3.19
3.22 3.17
3.24 3.14
3.21 3.17
3.14 3.23
3.14 3.24
3.13 3.25
3.05 3.21
3.04 3.21
3.14 3.25
3.08 3.26
3.17 3.28
3.17 3.29
3.14 3.28
3.15 3.27
3.17 3.3
3.22 3.3
3.2 3.31
3.25 3.31
3.21 3.37
3.21 3.37
3.17 3.38
3.26 3.41
3.21 3.47
3.18 3.42
3.11 3.36
3.11 3.43
3.18 3.51
3.19 3.52
3.16 3.56
3.16 3.54
3.16 3.51
3.14 3.52
3.06 3.4
3.02 3.37
3.05 3.44
3.22 3.6
3.16 3.63
3.17 3.64
3.14 3.6
3.13 3.62
3.11 3.61
3.1 3.58
3.03 3.52
3.07 3.56
3.02 3.54
3.01 3.52
3.08 3.58
3.08 3.64
3.12 3.69
3.09 3.67
3.04 3.69
3.08 3.69
3.14 3.71
3.14 3.72
3.06 3.75
3.02 3.75
3.19 3.74
3.21 3.73
3.13 3.78
3.06 3.78
3.03 3.83
3.01 3.81
3.07 3.85
3.25 3.76
3.22 3.77
3.23 3.8
3.17 3.79
3.3 3.78
3.31 3.82
3.31 3.79
3.3 3.79
3.28 3.7
3.3 3.85
3.19 3.88
3.38 3.75
3.36 3.82
3.42 3.8
3.4 3.87
3.41 3.86
3.38 3.88
3.37 3.89
3.42 3.92
3.35 3.95
3.32 3.93
3.37 3.92
3.33 3.93
3.31 3.92
3.39 3.99
3.38 4.0
3.35 3.96
3.31 3.99
3.31 3.94
3.28 3.93
3.3 3.91
3.28 3.88
3.04 4.04
3.09 4.02
3.09 4.02
3.12 4.05
3.13 4.02
3.09 3.97
3.11 3.99
3.05 4.07
3.08 4.1
3.06 4.1
3.04 4.04
3.08 3.97
3.16 4.03
3.12 3.96
3.17 4.04
3.18 4.01
3.13 3.95
3.11 3.94
3.13 3.94
3.1 3.93
3.07 3.9
3.09 4.15
3.1 4.13
3.14 4.14
3.14 4.13
3.08 4.16
3.22 4.04
3.2 3.98
3.22 4.09
3.24 4.04
3.17 4.11
3.11 4.22
3.09 4.19
3.08 4.23
3.17 4.12
3.2 4.13
3.06 4.23
3.26 4.05
3.26 3.98
3.25 3.98
3.2 3.96
3.21 3.92
3.2 3.93
3.29 4.1
3.29 4.08
3.29 4.08
3.23 4.16
3.3 4.01
3.3 4.06
3.17 4.22
3.18 4.24
3.15 4.28
3.12 4.29
3.13 4.28
3.06 4.27
3.07 4.3
3.31 4.08
3.31 4.06
3.31 4.01
3.3 4.0
3.34 4.14
3.32 4.15
3.31 4.12
3.24 4.21
3.11 4.33
3.17 4.31
3.07 4.35
3.04 4.35
3.06 4.34
3.06 4.36
3.09 4.36
3.39 4.12
3.33 4.19
3.31 4.19
3.35 4.18
3.36 4.13
3.37 4.14
3.36 4.13
3.36 4.11
3.36 4.12
3.32 4.24
3.26 4.26
3.25 4.17
3.09 4.38
3.03 4.39
3.09 4.41
3.06 4.41
2.99 4.38
2.99 4.34
3.41 4.17
3.4 4.09
3.4 4.06
3.42 4.07
3.38 4.06
3.38 4.2
3.31 4.29
3.33 4.32
3.29 4.3
3.04 4.43
3.03 4.43
3.08 4.45
2.94 4.43
2.94 4.41
3.44 4.2
3.42 4.21
3.43 4.19
3.39 4.04
3.36 4.33
3.34 4.35
3.28 4.36
3.3 4.36
3.3 4.35
3.26 4.35
3.27 4.32
2.93 4.5
2.86 4.33
3.41 4.38
3.41 4.36
3.43 4.35
3.24 4.37
3.24 4.39
3.06 4.52
2.94 4.61
2.99 4.62
2.89 4.62
2.91 4.61
3.18 4.39
3.18 4.35
3.17 4.37
3.18 4.43
2.99 4.71
3.03 4.67
2.89 4.65
3.01 4.63
2.93 4.65
2.93 4.74
2.83 4.72
3.2 4.49
3.15 4.48
3.15 4.5
3.19 4.46
3.17 4.44
3.1 4.71
3.07 4.69
3.03 4.71
3.04 4.74
3.08 4.71
3.05 4.65
3.1 4.61
2.92 4.77
2.84 4.85
2.84 4.81
2.84 4.84
2.88 4.8
3.26 4.49
3.24 4.55
3.23 4.55
3.21 4.51
3.19 4.56
3.19 4.55
3.14 4.54
3.17 4.7
3.16 4.69
3.15 4.67
3.11 4.76
3.13 4.65
3.05 4.76
3.06 4.78
3.01 4.75
3.12 4.63
3.17 4.6
3.16 4.6
3.08 4.54
2.87 4.94
2.87 4.94
2.87 4.91
2.84 4.9
2.91 4.89
2.9 4.86
2.94 4.82
2.96 4.79
2.95 4.79
3.26 4.59
3.26 4.59
3.3 4.59
3.28 4.51
3.21 4.58
3.2 4.58
3.12 4.79
3.14 4.81
3.12 4.8
3.15 4.77
3.08 4.82
3.19 4.67
3.06 4.85
2.85 4.98
2.89 4.99
2.88 5.0
2.92 4.93
2.91 4.97
2.93 4.93
2.86 4.97
2.83 4.97
2.92 4.91
2.97 4.91
2.97 4.83
2.99 4.85
3.24 4.65
3.26 4.64
3.31 4.65
3.38 4.6
3.34 4.53
3.34 4.53
3.31 4.66
3.31 4.67
3.31 4.65
3.36 4.52
3.3 4.45
3.18 4.83
3.19 4.74
3.15 4.82
3.18 4.75
3.14 4.87
3.1 4.89
2.86 5.02
2.87 5.02
2.84 5.03
2.94 5.01
2.95 4.98
2.95 4.96
2.99 4.93
3.27 4.69
3.26 4.7
3.26 4.67
3.37 4.64
3.4 4.51
3.38 4.52
3.4 4.58
3.39 4.52
3.37 4.47
3.4 4.48
3.35 4.46
3.36 4.47
3.28 4.75
3.23 4.82
3.22 4.87
3.15 4.89
3.18 4.89
3.17 4.89
3.16 4.92
3.16 4.91
3.1 4.94
3.06 4.95
3.06 4.95
2.89 5.07
2.83 5.06
2.84 5.07
2.83 5.1
3.01 4.99
2.97 5.02
3.39 4.44
3.41 4.42
3.31 4.76
3.26 4.8
3.28 4.8
3.28 4.79
3.18 4.97
3.08 4.98
3.11 5.0
3.13 4.99
3.07 5.04
3.07 5.04
2.93 5.07
2.83 5.11
3.0 5.03
3.01 5.05
2.97 5.09
2.99 5.08
3.24 4.99
3.21 5.03
3.15 5.03
3.24 4.97
3.24 4.97
3.22 4.97
3.14 5.08
3.0 5.09
2.97 5.11
2.99 5.09
2.92 5.14
2.94 5.14
3.0 5.1
3.01 5.11
3.18 5.06
3.3 5.03
3.2 5.07
3.3 5.01
3.14 5.11
3.12 5.15
3.12 5.13
2.93 5.18
2.93 5.17
2.89 5.19
2.88 5.16
3.4 4.99
3.4 4.96
3.16 5.18
3.11 5.19
3.11 5.2
3.0 5.19
2.9 5.22
2.92 5.24
2.86 5.22
2.9 5.25
2.87 5.24
2.83 5.21
2.85 5.2
3.11 5.28
3.17 5.28
3.15 5.22
3.03 5.19
2.89 5.26
2.98 5.27
2.97 5.28
2.93 5.28
2.83 5.24
2.8 5.19
2.83 5.24
2.8 5.15
3.15 5.31
3.18 5.31
3.18 5.34
3.11 5.32
3.09 5.31
3.07 5.32
3.18 5.37
2.85 5.31
2.96 5.33
2.94 5.35
2.82 5.32
3.08 5.38
3.13 5.43
3.02 5.33
3.05 5.39
3.16 5.47
2.87 5.39
2.8 5.36
2.94 5.43
3.0 5.37
2.95 5.42
2.92 5.37
2.94 5.37
2.86 5.4
2.87 5.41
3.03 5.43
3.08 5.44
3.14 5.52
3.14 5.49
3.08 5.5
2.99 5.47
3.01 5.44
3.0 5.47
3.06 5.52
3.16 5.54
3.12 5.58
3.1 5.59
3.07 5.58
3.08 5.59
3.05 5.54
3.02 5.52
3.16 5.63
3.09 5.62
3.11 5.63
3.05 5.64
3.02 5.58
3.0 5.53
2.99 5.55
2.97 5.52
3.16 5.68
3.16 5.7
3.11 5.71
3.1 5.7
3.05 5.68
3.06 5.66
3.0 5.6
3.01 5.62
2.99 5.66
2.97 5.57
2.95 5.56
2.93 5.54
3.12 5.72
3.08 5.73
3.06 5.77
3.0 5.73
2.96 5.64
2.95 5.71
3.07 5.81
3.0 5.8
3.01 5.84
3.0 5.8
3.0 5.82
2.98 5.77
2.93 5.79
2.86 5.69
2.92 5.78
3.12 5.85
3.07 5.89
3.02 5.88
3.04 5.86
3.0 5.87
2.96 5.83
2.94 5.87
3.12 5.94
3.11 5.9
3.09 5.95
3.05 5.94
2.98 5.92
2.99 5.96
2.95 5.95
3.15 5.99
3.14 6.01
3.09 6.0
3.16 5.9
3.13 5.96
3.12 5.97
3.09 5.98
3.16 5.84
3.04 6.0
3.02 5.97
3.07 6.03
3.08 6.05
3.1 6.09
3.06 6.06
3.16 5.81
3.03 6.1
3.03 6.09
3.11 6.16
3.12 6.13
3.1 6.15
3.01 6.17
2.96 6.14
2.95 6.08
2.97 6.09
3.15 6.18
3.08 6.19
2.99 6.22
3.01 6.2
3.02 6.22
3.0 6.22
3.0 6.23
2.99 6.21
2.97 6.21
2.95 6.15
2.94 6.1
2.95 6.21
2.93 6.08
3.11 6.27
3.12 6.27
3.14 6.25
3.14 6.24
3.07 6.22
3.01 6.25
3.01 6.24
2.96 6.25
2.98 6.24
3.16 6.32
3.11 6.29
3.16 6.31
3.12 6.33
3.11 6.33
3.07 6.3
2.96 6.31
3.16 6.36
3.12 6.39
3.1 6.36
3.09 6.38
3.03 6.35
3.04 6.36
3.02 6.31
3.11 6.43
3.1 6.46
3.08 6.42
3.06 6.38
3.03 6.36
2.98 6.39
3.0 6.33
2.97 6.37
3.07 6.5
3.17 6.45
3.09 6.49
3.13 6.53
3.14 6.53
3.15 6.51
2.96 6.41
2.97 6.41
2.93 6.38
2.95 6.33
2.94 6.43
2.91 6.41
3.08 6.55
3.06 6.55
3.04 6.58
3.06 6.55
3.02 6.54
3.09 6.6
2.92 6.44
2.91 6.32
2.92 6.5
3.01 6.6
3.01 6.58
2.99 6.55
3.05 6.65
3.11 6.69
2.95 6.66
2.99 6.67
2.95 6.65
2.95 6.63
2.96 6.68
2.96 6.69
3.01 6.73
3.03 6.7
2.92 6.71
2.91 6.65
2.97 6.77
3.06 6.79
3.0 6.78
3.01 6.81
3.0 6.77
2.92 6.8
3.05 6.88
3.07 6.81
3.08 6.79
3.01 6.87
2.95 6.86
2.99 6.87
2.96 6.89
2.93 6.89
3.09 6.88
3.06 6.91
3.08 6.92
3.06 6.89
3.12 6.86
3.12 6.87
2.93 6.91
2.98 6.94
2.92 6.92
2.92 6.94
2.92 6.96
3.16 6.8
3.18 6.83
3.13 6.86
2.93 6.98
3.03 6.96
3.03 6.98
3.0 6.98
3.02 6.99
3.0 7.0
3.01 6.98
2.98 7.0
3.21 6.81
3.2 6.75
3.1 6.77
3.14 6.72
3.19 6.74
3.12 6.73
3.22 6.9
3.25 6.87
3.21 6.89
2.94 7.02
2.91 7.05
3.07 7.0
3.0 7.01
3.0 7.06
3.27 6.87
3.28 6.79
3.15 6.69
3.28 6.7
3.16 6.68
3.1 6.72
3.25 6.97
3.26 6.95
3.25 6.96
3.28 6.94
3.21 6.96
3.19 6.96
3.32 6.87
3.33 6.84
2.96 7.09
2.91 7.07
2.9 7.06
3.1 7.05
3.07 7.06
3.12 6.96
3.34 6.85
3.35 6.76
3.34 6.73
3.34 6.71
3.35 6.72
3.35 6.71
3.29 6.68
3.3 6.65
3.31 6.66
3.2 7.02
3.26 7.04
3.21 7.0
3.29 6.97
3.17 6.99
3.16 6.97
3.15 7.02
3.03 7.1
2.98 7.11
3.0 7.09
3.02 7.08
2.96 7.14
2.93 7.11
3.12 7.09
3.13 7.05
3.14 7.06
3.1 7.12
3.26 6.58
3.31 6.6
3.24 6.59
3.23 7.07
3.16 7.05
3.25 7.08
3.2 7.09
3.26 7.07
3.0 7.17
2.96 7.2
2.92 7.2
2.9 7.17
3.11 7.13
3.12 7.14
3.1 7.19
3.1 7.19
3.19 7.13
3.18 7.16
3.02 7.2
2.98 7.27
3.0 7.27
2.98 7.26
2.95 7.26
2.97 7.25
2.92 7.27
3.18 7.18
3.07 7.2
3.09 7.2
3.14 7.26
3.04 7.23
3.24 7.17
2.94 7.31
2.99 7.32
3.01 7.32
2.97 7.29
2.97 7.34
3.08 7.28
3.07 7.28
2.93 7.38
2.97 7.36
3.04 7.34
3.05 7.35
3.03 7.38
3.04 7.39
2.91 7.4
3.06 7.37
3.11 7.39
3.05 7.45
3.03 7.44
3.17 7.43
3.16 7.46
3.17 7.38
3.2 7.36
3.07 7.47
3.05 7.5
2.98 7.5
3.0 7.51
3.01 7.48
3.13 7.56
3.22 7.36
2.93 7.56
2.94 7.47
2.99 7.55
2.94 7.51
2.94 7.52
2.92 7.51
2.92 7.66
2.99 7.64
2.92 7.61
2.9 7.4
2.99 7.7
2.96 7.75
2.99 7.7
2.98 7.7
2.94 7.72
2.95 7.73
2.96 7.7
2.92 7.67
3.03 7.67
3.04 7.7
3.02 7.64
3.05 7.73
3.04 7.73
3.04 7.78
2.99 7.78
3.1 7.66
3.09 7.69
3.07 7.69
3.09 7.69
3.09 7.76
3.03 7.81
3.01 7.83
3.1 7.6
3.12 7.61
4.17 2.46
4.28 2.52
4.25 2.5
4.2 2.4
4.21 2.57
4.22 2.37
4.19 2.36
4.19 2.39
4.18 2.39
4.19 2.4
4.35 2.56
4.33 2.53
4.3 2.6
4.31 2.59
4.31 2.48
4.34 2.51
4.24 2.59
4.23 2.59
4.23 2.63
4.21 2.63
4.2 2.64
4.22 2.6
4.18 2.61
4.31 2.38
4.3 2.33
4.29 2.38
4.25 2.29
4.2 2.32
4.39 2.51
4.37 2.59
4.39 2.62
4.38 2.56
4.37 2.55
4.37 2.55
4.34 2.62
4.3 2.61
4.35 2.45
4.4 2.48
4.4 2.47
4.37 2.44
4.23 2.71
4.17 2.7
4.31 2.29
4.36 2.36
4.36 2.33
4.34 2.38
4.29 2.29
4.32 2.28
4.27 2.25
4.17 2.27
4.39 2.65
4.34 2.65
4.39 2.69
4.32 2.67
4.41 2.42
4.3 2.71
4.25 2.76
4.23 2.74
4.23 2.75
4.19 2.74
4.17 2.75
4.17 2.73
4.18 2.78
4.34 2.25
4.31 2.2
4.26 2.19
4.23 2.2
4.39 2.8
4.36 2.8
4.22 2.82
4.27 2.82
4.22 2.81
4.21 2.79
4.2 2.84
4.42 2.23
4.4 2.88
4.36 2.88
4.34 2.91
4.33 2.79
4.3 2.87
4.31 2.85
4.21 2.88
4.2 2.89
4.27 2.88
4.38 2.97
4.24 2.94
4.25 2.94
4.24 2.91
4.24 2.92
4.18 2.9
4.18 2.96
4.28 2.96
4.28 3.01
4.23 2.98
4.19 2.97
4.2 3.04
4.09 2.96
4.26 3.1
4.22 3.05
4.23 3.07
4.19 3.07
4.18 3.09
4.18 3.12
4.28 3.2
4.31 3.17
4.25 3.2
4.19 3.18
4.18 3.23
4.39 3.2
4.39 3.16
4.38 3.19
4.34 3.25
4.31 3.21
4.28 3.23
4.35 3.19
4.18 3.26
4.17 3.27
4.23 3.33
4.24 3.31
4.2 3.29
4.36 3.25
4.41 3.15
4.39 3.22
4.37 3.25
4.35 3.27
4.39 3.29
4.37 3.31
4.31 3.27
4.28 3.33
4.29 3.34
4.26 3.37
4.22 3.38
4.19 3.39
4.34 3.35
4.4 3.33
4.39 3.38
4.31 3.4
4.29 3.42
4.3 3.43
4.27 3.46
4.22 3.47
4.17 3.41
4.38 3.42
4.32 3.49
4.37 3.48
4.34 3.52
4.19 3.5
4.27 3.53
4.27 3.56
4.18 3.55
4.35 3.55
4.36 3.6
4.29 3.59
4.26 3.61
4.23 3.66
4.17 3.68
4.36 3.64
4.29 3.64
4.26 3.67
4.25 3.68
4.26 3.72
4.25 3.73
4.25 3.69
4.2 3.73
4.2 3.72
4.17 3.75
4.38 3.68
4.37 3.71
4.39 3.71
4.39 3.66
4.37 3.67
4.33 3.7
4.29 3.74
4.25 3.77
4.22 3.83
4.34 3.77
4.34 3.78
4.34 3.75
4.29 3.8
4.37 3.81
4.29 3.84
4.29 3.88
4.27 3.88
4.25 3.86
4.35 3.9
4.3 3.95
4.28 3.95
4.26 3.95
4.24 3.94
4.23 3.91
4.24 3.93
4.19 3.88
4.37 4.0
4.38 3.98
4.29 3.98
4.29 4.03
4.21 3.99
4.19 3.97
4.19 3.96
4.18 3.95
4.18 3.92
4.19 3.92
4.38 4.06
4.3 4.08
4.34 4.07
4.23 4.04
4.23 4.06
4.17 4.01
4.2 4.05
4.36 4.15
4.36 4.13
4.34 4.13
4.31 4.16
4.28 4.17
4.28 4.17
4.19 4.12
4.17 4.13
4.17 4.13
4.37 4.2
4.36 4.2
4.36 4.23
4.33 4.18
4.35 4.18
4.25 4.18
4.2 4.18
4.23 4.22
4.2 4.16
4.18 4.17
4.19 4.15
4.4 4.23
4.34 4.24
4.33 4.25
4.17 4.28
4.11 4.22
4.29 4.32
4.12 4.37
4.08 4.35
4.06 4.26
4.1 4.24
4.06 4.28
4.34 4.38
4.28 4.43
4.4 4.36
4.38 4.37
4.25 4.39
3.99 4.33
4.03 4.42
4.08 4.44
4.01 4.34
4.0 4.32
4.01 4.31
4.01 4.28
4.06 4.22
3.99 4.25
4.0 4.22
4.38 4.45
4.35 4.46
4.35 4.43
4.31 4.45
4.25 4.49
4.19 4.47
4.22 4.48
4.22 4.48
4.17 4.43
4.18 4.48
3.97 4.35
3.96 4.39
4.06 4.52
4.05 4.49
3.96 4.46
4.09 4.52
4.08 4.54
4.05 4.53
3.95 4.23
4.04 4.13
4.01 4.15
3.97 4.15
4.3 4.54
4.23 4.52
4.25 4.53
4.17 4.53
4.03 4.1
4.07 4.11
4.05 4.11
4.06 4.09
3.96 4.1
3.99 4.05
4.35 4.56
4.32 4.59
4.36 4.57
4.33 4.56
4.3 4.61
4.28 4.61
4.32 4.57
4.27 4.6
4.17 4.61
4.02 4.02
4.03 4.05
4.03 4.04
3.97 4.03
4.31 4.64
4.3 4.64
4.37 4.6
4.28 4.63
4.39 4.55
4.26 4.65
4.04 3.99
4.06 3.98
4.07 3.99
4.0 3.97
4.01 3.96
4.02 3.98
4.03 3.96
4.33 4.7
4.31 4.7
4.26 4.68
4.38 4.67
4.09 4.01
4.05 3.96
4.09 3.97
4.03 3.9
4.0 3.89
4.37 4.71
4.33 4.75
4.33 4.73
4.37 4.69
4.24 4.73
4.24 4.73
4.37 4.77
4.33 4.79
4.26 4.78
4.24 4.78
4.2 4.76
4.18 4.77
4.19 4.73
4.39 4.85
4.33 4.85
4.35 4.84
4.32 4.87
4.31 4.86
4.26 4.83
4.21 4.84
4.18 4.82
4.25 4.89
4.25 4.89
4.27 4.91
4.28 4.94
4.2 4.88
4.19 4.92
4.09 4.84
4.25 4.97
4.21 4.95
4.22 4.94
4.29 4.99
4.28 4.99
4.28 5.0
4.26 5.01
4.19 4.96
4.0 4.81
4.04 4.89
4.09 4.88
4.09 4.91
4.09 4.86
4.0 4.84
4.03 4.76
4.07 4.77
4.23 5.0
4.19 5.01
4.31 5.02
4.31 5.05
4.02 4.97
4.05 4.94
3.97 4.87
3.99 4.82
3.92 4.85
3.93 4.87
3.93 4.88
3.93 4.86
3.95 4.78
4.05 4.69
4.01 4.69
4.03 4.72
4.0 4.68
4.04 4.67
4.08 4.68
4.2 5.09
4.34 5.08
4.38 5.04
4.38 5.01
4.37 4.99
4.36 5.09
3.9 4.87
3.92 4.93
3.91 4.8
3.89 4.89
3.89 4.84
3.9 4.78
3.95 4.7
4.1 4.65
4.07 4.64
4.09 4.62
4.08 4.64
3.95 4.66
3.96 4.62
4.32 5.18
4.32 5.18
4.25 5.12
4.36 5.2
4.31 5.19
3.96 4.98
3.95 5.0
3.91 4.97
3.87 4.74
3.89 4.7
4.05 4.58
3.92 4.58
3.91 4.58
4.35 5.24
4.3 5.26
4.27 5.24
4.24 5.22
4.18 5.21
4.35 5.32
4.3 5.3
3.97 5.02
3.97 5.05
3.93 4.48
4.33 5.35
4.25 5.29
4.26 5.34
4.22 5.31
4.18 5.26
4.19 5.22
4.25 5.34
4.05 5.01
4.03 5.1
4.02 5.09
4.07 5.08
4.03 5.13
3.89 5.12
4.39 5.42
4.36 5.38
4.39 5.37
4.28 5.41
4.27 5.39
4.19 5.38
4.09 5.05
4.09 5.08
4.07 5.14
4.0 5.19
4.03 5.2
4.04 5.2
4.04 5.22
3.91 5.23
3.91 5.23
3.88 5.23
3.88 5.2
3.77 5.1
4.36 5.5
4.47 5.41
4.3 5.46
4.3 5.49
4.28 5.44
4.2 5.47
4.18 5.41
4.18 5.42
4.26 5.43
4.18 5.44
4.07 5.23
4.01 5.25
4.05 5.27
4.05 5.26
4.09 5.28
3.89 5.29
3.94 5.33
3.91 5.28
3.87 5.26
3.87 5.34
3.87 5.34
3.75 5.21
3.73 5.11
3.74 5.18
3.75 5.18
3.71 5.16
3.71 5.16
3.73 5.03
3.67 5.07
4.39 5.58
4.37 5.57
4.3 5.5
4.35 5.54
4.29 5.55
4.26 5.54
4.23 5.5
4.23 5.53
4.22 5.49
4.19 5.54
4.19 5.5
4.05 5.32
4.09 5.34
4.1 5.34
4.01 5.34
3.98 5.35
3.89 5.37
3.91 5.4
3.88 5.44
3.88 5.43
3.73 5.28
3.72 5.29
3.67 5.22
3.72 5.28
3.68 5.28
3.68 5.24
3.63 5.08
3.7 4.95
3.67 5.02
3.68 5.01
3.65 5.01
3.66 5.0
3.73 4.95
3.62 5.12
3.61 5.05
3.59 5.06
4.32 5.6
4.36 5.65
4.35 5.63
4.3 5.64
4.29 5.61
4.21 5.57
4.09 5.38
4.01 5.43
4.02 5.43
3.96 5.44
3.94 5.45
3.95 5.45
3.96 5.45
3.92 5.53
3.9 5.52
3.71 5.33
3.72 5.31
3.64 5.27
3.6 5.2
3.59 5.23
3.61 5.19
3.63 5.34
3.72 4.9
3.75 4.9
3.67 4.88
3.62 4.92
3.6 5.0
3.58 5.01
3.59 5.04
3.58 5.11
3.59 5.16
3.6 5.17
3.59 5.09
3.56 5.14
3.58 5.18
3.56 5.05
3.55 5.03
3.54 5.1
4.37 5.71
4.39 5.7
4.36 5.69
4.26 5.7
4.27 5.71
4.23 5.69
4.07 5.47
4.09 5.43
4.08 5.44
3.98 5.49
3.94 5.61
3.97 5.55
3.93 5.61
3.72 5.4
3.74 5.39
3.54 5.2
3.54 5.28
3.73 4.81
3.74 4.84
3.64 4.88
3.68 4.86
3.67 4.85
3.6 4.93
3.62 4.9
4.36 5.77
4.39 5.78
4.3 5.77
4.05 5.54
3.97 5.62
3.95 5.7
3.91 5.69
3.93 5.7
3.93 5.64
4.03 5.61
3.87 5.63
3.75 5.44
3.77 5.42
3.72 5.44
3.74 5.44
3.66 5.44
3.7 5.45
3.6 5.35
3.64 4.78
3.7 4.79
3.71 4.8
3.72 4.75
3.6 4.81
3.62 4.8
3.61 4.81
4.36 5.84
4.39 5.86
4.32 5.86
4.27 5.75
4.27 5.85
4.26 5.82
4.23 5.74
4.05 5.63
4.04 5.66
3.88 5.69
3.96 5.74
3.87 5.71
3.86 5.74
3.88 5.73
4.08 5.54
4.04 5.69
3.72 5.51
3.67 5.51
3.67 5.51
3.66 5.51
3.62 5.5
3.62 5.44
3.58 4.73
4.27 5.9
4.26 5.86
4.32 5.96
4.31 5.96
4.27 5.94
4.25 5.86
4.21 5.89
4.17 5.84
3.88 5.77
3.88 5.77
4.02 5.77
3.96 5.8
3.97 5.8
3.96 5.79
3.93 5.8
3.95 5.78
3.89 5.8
3.87 5.81
3.74 5.54
3.7 5.58
3.71 5.57
3.63 5.53
4.28 5.96
4.25 5.98
4.35 6.03
4.3 6.03
4.31 6.03
4.27 6.03
4.24 6.01
4.18 5.88
4.17 5.92
3.87 5.83
3.85 5.83
4.03 5.79
4.05 5.81
3.98 5.82
4.0 5.82
3.96 5.82
3.91 5.85
3.75 5.63
3.72 5.62
3.71 5.6
3.67 5.63
3.73 5.65
3.69 5.64
3.66 5.64
4.22 6.03
4.19 6.02
4.3 6.08
4.24 6.07
4.39 6.03
4.18 6.03
3.87 5.89
3.87 5.91
4.05 5.86
4.02 5.87
4.01 5.89
3.95 5.9
3.74 5.69
3.75 5.64
3.65 5.64
3.61 5.65
3.65 5.67
3.72 5.73
3.61 5.69
4.22 6.1
4.2 6.09
4.19 6.11
4.29 6.12
4.13 6.11
3.94 5.93
3.84 5.92
3.93 5.97
3.87 6.0
3.98 5.92
3.61 5.7
3.64 5.73
3.6 5.73
3.59 5.73
3.55 5.59
3.57 5.74
4.28 6.15
4.17 6.14
4.26 6.16
4.18 6.16
4.36 6.16
3.95 6.01
3.98 6.0
4.01 6.02
3.88 6.04
3.62 5.77
3.64 5.77
3.58 5.78
3.62 5.81
4.3 6.24
4.28 6.23
4.26 6.23
4.22 6.23
4.23 6.23
4.19 6.24
4.14 6.22
4.12 6.23
4.37 6.26
4.39 6.27
4.4 6.19
4.0 6.07
3.94 6.11
3.97 6.12
4.04 6.11
4.02 6.11
3.98 6.12
3.99 6.12
3.64 5.82
3.67 5.83
3.69 5.83
3.63 5.89
3.67 5.85
3.66 5.86
4.32 6.29
4.26 6.28
4.19 6.31
4.17 6.31
4.21 6.32
4.03 6.17
4.3 6.34
4.32 6.37
4.3 6.36
3.74 5.85
3.71 5.88
3.72 5.89
3.62 5.95
3.64 5.96
3.66 5.93
3.59 5.95
3.61 5.91
3.59 5.89
4.22 6.36
4.21 6.41
4.34 6.41
4.3 6.39
4.3 6.39
4.38 6.42
4.26 6.44
4.26 6.44
3.73 5.92
3.7 5.94
3.72 5.96
3.68 5.96
3.59 6.02
3.59 5.97
3.57 5.99
4.17 6.43
4.24 6.47
4.18 6.47
4.38 6.46
4.36 6.46
4.33 6.5
4.35 6.5
4.38 6.52
4.36 6.52
3.69 6.04
3.7 6.03
3.72 5.99
3.63 6.07
3.65 6.05
3.6 6.06
3.54 6.07
3.57 6.07
3.56 6.08
4.2 6.52
4.28 6.55
4.29 6.53
4.3 6.54
4.31 6.52
4.26 6.56
4.39 6.55
4.33 6.53
4.3 6.55
4.32 6.58
3.7 6.05
3.6 6.13
3.62 6.13
3.59 6.11
3.55 6.11
4.29 6.61
4.29 6.61
4.26 6.63
4.2 6.6
3.59 6.16
3.59 6.19
3.56 6.18
4.27 6.67
4.27 6.68
4.27 6.67
4.21 6.63
4.3 6.7
4.22 6.66
4.18 6.63
4.18 6.69
4.18 6.57
3.58 6.24
3.58 6.23
3.52 6.24
3.54 6.22
4.38 6.76
4.4 6.69
4.33 6.77
4.26 6.8
3.6 6.3
3.59 6.3
3.61 6.25
3.58 6.28
3.52 6.27
3.44 6.25
4.35 6.85
4.38 6.88
4.35 6.86
4.36 6.82
4.48 6.79
4.38 6.83
4.25 6.83
3.65 6.3
3.61 6.31
3.63 6.35
3.63 6.31
3.58 6.31
3.6 6.32
3.66 6.29
3.67 6.25
3.66 6.24
3.4 6.31
3.4 6.34
3.39 6.29
3.38 6.27
3.39 6.24
3.41 6.26
3.35 6.25
4.38 6.9
3.62 6.37
3.66 6.37
3.61 6.41
3.37 6.35
3.4 6.39
3.33 6.36
3.4 6.35
3.36 6.35
3.38 6.15
3.38 6.15
3.38 6.16
4.33 6.95
4.36 6.94
4.36 6.98
4.29 6.91
3.66 6.42
3.61 6.43
3.63 6.42
3.7 6.43
3.69 6.41
3.68 6.42
3.3 6.45
3.44 6.11
3.39 6.14
3.45 6.06
3.44 6.09
3.38 6.08
4.39 7.01
4.36 7.03
4.36 7.03
4.3 6.97
4.29 6.97
4.25 6.94
4.44 6.99
4.31 7.04
4.34 7.05
4.25 6.85
3.7 6.46
3.33 6.54
3.35 6.54
3.33 6.48
3.38 6.51
3.4 6.51
3.41 6.03
4.3 7.1
4.25 7.0
4.2 7.0
4.2 6.99
4.19 6.87
4.17 6.95
4.3 7.11
4.24 7.07
4.35 7.13
4.17 6.86
4.22 6.82
4.24 6.83
4.18 6.83
3.67 6.55
3.65 6.52
3.63 6.54
4.3 7.14
4.23 7.11
4.24 7.11
4.22 7.12
4.21 7.14
4.17 7.07
4.35 7.2
3.58 6.58
3.71 6.58
3.65 6.57
3.64 6.61
4.24 7.19
4.19 7.15
4.17 7.12
3.6 6.63
3.6 6.65
3.51 6.61
3.53 6.61
3.56 6.63
3.52 6.6
3.5 6.58
3.5 6.61
3.71 6.62
3.66 6.71
3.57 6.68
3.54 6.71
3.58 6.73
3.54 6.7
3.51 6.69
3.64 6.83
3.54 6.72
3.55 6.8
3.55 6.81
3.55 6.77
3.6 6.92
3.65 6.94
3.6 6.88
3.6 6.83
3.6 6.91
3.54 6.88
3.57 6.83
3.49 6.87
3.62 6.98
3.57 6.97
3.61 6.95
3.61 6.97
3.55 6.91
3.56 6.95
3.56 6.96
3.58 6.99
3.59 7.0
3.51 6.97
3.48 6.96
3.53 6.97
3.58 7.04
3.53 7.02
3.53 7.02
3.63 7.08
3.58 7.11
3.57 7.12
3.53 7.07
3.6 7.13
3.61 7.13
3.64 3.85
3.66 3.94
3.71 3.94
3.72 3.97
3.71 3.98
3.73 3.97
3.61 3.95
3.69 3.89
3.66 3.93
3.64 3.89
3.68 3.86
3.61 4.01
3.64 4.02
3.69 4.03
3.68 4.02
3.73 4.03
3.76 4.05
3.61 4.11
3.57 4.06
3.59 4.21
3.62 4.14
3.64 4.15
3.62 4.2
3.63 4.12
3.6 4.12
3.65 4.23
3.6 4.27
3.65 4.27
3.68 4.23
3.55 4.22
3.59 4.31
3.71 4.25
3.72 4.27
3.73 4.2
3.64 4.36
3.62 4.33
3.57 4.36
3.76 4.23
3.74 4.25
3.62 4.37
3.68 4.37
0.16 6.38
0.15 6.41
0.22 6.44
0.22 6.44
0.16 6.42
0.12 6.41
0.2 6.37
0.17 6.37
0.17 6.39
0.14 6.34
0.2 6.48
0.21 6.46
0.27 6.41
0.27 6.46
0.25 6.45
0.26 6.39
0.16 6.5
0.12 6.51
0.26 6.36
0.34 6.37
0.35 6.4
0.33 6.5
0.35 6.46
0.31 6.5
0.3 6.32
0.3 6.33
0.15 6.55
0.18 6.58
0.12 6.55
0.15 6.55
0.2 6.55
0.16 6.6
0.41 6.41
0.38 6.41
0.36 6.36
0.38 6.41
0.38 6.39
0.33 6.3
0.38 6.47
0.4 6.44
0.42 6.48
0.33 6.53
0.33 6.27
0.33 6.24
0.24 6.26
0.22 6.65
0.24 6.62
0.2 6.64
0.19 6.67
0.28 6.59
0.43 6.48
0.4 6.57
0.37 6.6
0.34 6.61
0.39 6.57
0.35 6.55
0.37 6.22
0.38 6.21
0.31 6.21
0.36 6.21
0.32 6.2
0.32 6.2
0.32 6.17
0.25 6.23
0.17 6.24
0.18 6.22
0.29 6.63
0.25 6.66
0.24 6.68
0.24 6.7
0.25 6.72
0.14 6.7
0.33 6.65
0.43 6.55
0.45 6.59
0.44 6.61
0.4 6.15
0.35 6.14
0.35 6.13
0.28 6.16
0.29 6.14
0.27 6.14
0.23 6.14
0.28 6.71
0.3 6.7
0.26 6.73
0.28 6.74
0.28 6.74
0.25 6.76
0.41 6.7
0.39 6.07
0.41 6.06
0.33 6.74
0.36 6.74
0.24 6.8
0.22 6.82
0.18 6.78
0.4 6.76
0.44 6.79
0.43 6.79
0.43 6.76
0.38 6.72
0.35 6.79
0.29 6.85
0.31 6.82
0.24 6.84
0.18 6.83
0.19 6.81
0.17 6.82
0.43 6.83
0.4 6.83
0.41 6.83
0.43 6.8
0.37 6.81
0.48 6.83
0.35 6.84
0.27 6.92
0.28 6.93
0.32 6.9
0.49 6.85
0.49 6.88
0.52 6.89
0.51 6.86
0.52 6.81
0.54 6.81
0.37 6.91
0.37 6.91
0.54 6.91
0.53 6.95
0.53 6.9
0.54 6.77
0.56 6.76
0.36 7.0
0.28 6.94
0.54 7.03
0.52 7.02
0.51 7.02
0.52 7.0
0.49 6.98
0.42 7.01
0.46 7.03
0.42 7.03
0.46 7.02
0.41 7.09
0.54 7.12
0.55 7.06
0.57 7.11
0.46 7.08
0.42 7.11
0.55 7.19
0.57 7.16
0.59 7.14
0.55 7.17
0.5 7.13
0.65 7.11
0.5 7.24
0.51 7.27
0.46 7.16
0.47 7.16
0.47 7.21
0.43 7.14
0.46 7.31
0.43 7.2
0.45 7.22
0.42 7.29
0.55 7.33
0.47 7.33
0.44 7.32
0.39 7.22
0.36 7.16
0.39 7.12
0.4 7.12
0.49 7.38
0.46 7.36
0.39 7.35
0.4 7.26
0.39 7.3
0.37 7.34
0.37 7.35
0.53 7.39
0.49 7.43
0.35 7.19
0.35 7.15
0.3 7.15
0.3 7.16
0.3 7.12
0.52 7.46
0.52 7.46
0.47 7.43
0.42 7.41
0.35 7.33
0.35 7.4
0.52 7.48
0.46 7.5
0.44 7.48
0.41 7.43
0.27 7.17
0.26 7.11
0.25 7.12
0.46 7.55
0.36 7.45
0.38 7.46
0.31 7.27
0.27 7.3
0.35 7.47
0.32 7.43
0.32 7.44
0.29 7.43
0.45 7.58
0.4 7.56
0.2 7.13
0.29 7.25
0.22 7.04
0.25 7.03
0.2 7.05
0.18 7.1
0.17 7.14
0.3 7.48
0.3 7.48
0.37 7.54
0.24 7.43
0.28 7.51
0.27 7.51
0.44 7.6
0.35 7.57
0.34 7.58
0.36 7.57
0.33 7.6
0.34 7.57
0.17 7.21
0.16 7.14
0.16 7.11
0.23 7.0
0.22 6.95
0.19 6.97
0.18 7.01
0.21 7.02
0.2 6.99
0.25 7.52
0.23 7.34
0.21 7.37
0.19 7.41
0.27 7.57
0.24 7.55
0.24 7.54
0.25 7.56
0.23 7.54
0.24 7.55
0.48 7.61
0.48 7.67
0.37 7.65
0.2 6.95
0.14 6.99
0.14 6.91
0.24 7.58
0.19 7.53
0.29 7.26
0.18 7.29
0.2 7.26
0.31 7.59
0.22 7.6
0.42 7.71
0.43 7.76
0.36 7.71
0.36 7.71
0.36 7.69
0.34 7.71
0.35 7.69
0.2 7.63
0.26 7.67
0.19 7.66
0.39 7.8
0.39 7.77
0.41 7.84
0.43 7.82
0.44 7.81
0.39 7.83
0.35 7.79
0.3 7.75
0.26 7.7
0.21 7.7
0.37 7.86
0.39 7.85
0.43 7.89
0.34 7.87
0.23 7.79
0.3 7.8
0.36 7.92
0.39 7.92
0.32 7.88
0.32 7.88
0.41 7.95
0.38 7.94
0.43 7.91
0.44 7.92
0.29 7.86
0.23 7.84
0.35 7.95
0.21 7.87
0.13 7.87
0.12 7.88
0.31 7.99
0.34 8.0
0.35 8.02
0.26 7.96
0.34 8.05
0.25 8.0
0.31 8.04
0.41 8.03
0.35 8.08
0.37 8.1
0.41 8.06
0.34 8.13
0.33 8.13
0.32 8.11
0.32 8.15
0.32 8.18
0.3 8.21
0.86 7.36
0.94 7.37
0.96 7.39
0.94 7.3
0.95 7.33
0.91 7.37
0.83 7.41
0.85 7.4
0.88 7.43
0.92 7.41
0.85 7.39
0.94 7.44
0.98 7.33
1.01 7.36
1.03 7.41
1.02 7.34
1.01 7.28
0.96 7.24
0.8 7.48
0.91 7.49
1.01 7.48
0.97 7.51
0.9 7.52
1.05 7.43
1.1 7.41
0.9 7.55
0.92 7.56
0.88 7.57
0.83 7.53
1.05 7.52
0.98 7.57
1.03 7.56
0.94 7.63
0.92 7.6
0.91 7.61
0.88 7.62
0.89 7.6
0.87 7.6
0.86 7.62
0.87 7.63
0.82 7.6
0.82 7.61
0.83 7.61
0.78 7.6
0.79 7.5
1.03 7.61
1.08 7.57
1.06 7.55
1.07 7.58
1.03 7.59
1.03 7.62
1.01 7.63
1.02 7.62
1.04 7.63
0.89 7.67
0.83 7.66
0.88 7.68
0.81 7.65
0.81 7.64
0.99 7.7
1.02 7.72
0.96 7.7
1.0 7.77
0.91 7.69
0.91 7.68
0.91 7.75
0.9 7.68
0.93 7.79
0.94 7.78
0.94 7.8
0.87 7.77
0.86 7.76
0.91 7.84
0.84 7.84
0.79 7.75
0.8 7.77
0.94 7.91
0.92 7.91
0.92 7.92
0.89 7.92
0.88 7.9
0.93 7.87
0.8 7.83
0.8 7.85
0.77 7.82
0.78 7.89
0.75 7.8
0.73 7.79
1.0 7.88
1.0 7.94
0.94 7.97
0.88 7.94
0.81 7.93
0.83 7.95
0.76 7.89
0.74 7.85
0.74 7.87
0.73 7.85
0.8 7.92
0.79 7.91
1.02 7.97
1.02 7.86
0.97 8.02
0.97 8.02
0.95 8.0
0.92 8.04
0.8 8.0
0.78 7.99
0.74 7.96
0.96 8.07
0.97 8.1
0.95 8.09
0.93 8.07
0.88 8.04
0.87 8.09
0.87 8.09
0.86 8.04
0.85 8.04
0.75 8.04
0.78 8.04
0.78 8.03
0.78 8.06
0.74 8.01
0.72 7.96
0.73 7.98
0.96 8.14
0.97 8.12
0.96 8.12
0.94 8.12
0.95 8.12
0.85 8.07
0.86 8.14
0.84 8.13
0.83 8.12
0.75 8.11
0.75 8.08
0.73 8.09
0.8 8.11
0.94 8.19
0.86 8.17
0.85 8.2
0.8 8.19
0.75 8.15
0.75 8.12
0.73 8.11
0.92 8.26
0.9 8.27
0.86 8.26
0.78 8.23
0.78 8.23
0.79 8.22
0.76 8.22
0.75 8.21
0.72 8.2
0.96 8.29
0.93 8.35
0.94 8.34
0.89 8.29
0.91 8.32
0.88 8.29
0.84 8.33
0.79 8.28
0.81 8.29
0.79 8.28
0.94 8.43
0.9 8.4
0.86 8.39
0.81 8.38
0.77 8.34
0.88 8.46
0.91 8.48
0.88 8.44
0.92 8.56
0.84 8.51
1.23 7.6
1.31 7.62
1.27 7.69
1.29 7.57
1.32 7.57
1.3 7.6
1.27 7.57
1.28 7.6
1.29 7.52
1.23 7.69
1.38 7.63
1.36 7.63
1.32 7.68
1.31 7.69
1.32 7.68
1.37 7.61
1.34 7.59
1.34 7.52
1.34 7.47
1.25 7.79
1.28 7.72
1.25 7.78
1.23 7.73
1.38 7.65
1.39 7.64
1.36 7.7
1.34 7.72
1.41 7.55
1.39 7.5
1.34 7.76
1.29 7.79
1.28 7.81
1.24 7.83
1.4 7.72
1.4 7.77
1.4 7.45
1.35 7.84
1.35 7.85
1.32 7.85
1.42 7.85
1.39 7.88
1.39 7.88
1.32 7.9
1.27 7.92
1.5 7.86
1.5 7.92
1.52 7.87
1.48 7.85
1.41 7.96
1.37 7.96
1.36 7.98
1.26 7.97
1.56 7.93
1.57 7.86
1.56 7.93
1.57 7.82
1.57 7.83
1.55 7.95
1.55 7.94
1.53 7.99
1.51 7.97
1.49 8.0
1.59 7.9
1.6 7.87
1.4 8.0
1.42 8.03
1.39 8.04
1.29 8.01
1.56 8.01
1.64 7.84
1.63 7.83
1.63 7.8
1.55 7.77
1.53 7.76
1.57 8.06
1.43 8.07
1.65 7.9
1.65 7.84
1.33 8.08
1.3 8.07
1.26 7.98
1.21 8.02
1.24 8.05
1.66 7.97
1.66 7.77
1.67 7.79
1.7 7.78
1.53 8.18
1.42 8.14
1.37 8.14
1.35 8.13
1.37 8.1
1.2 8.06
1.2 7.94
1.15 8.12
1.23 8.11
1.16 8.11
1.32 8.11
1.31 8.12
1.69 7.72
1.69 7.72
1.62 7.7
1.75 7.77
1.78 7.76
1.76 7.78
1.76 7.82
1.41 8.24
1.42 8.29
1.37 8.17
1.13 8.17
1.23 8.22
1.17 8.19
1.12 8.2
1.74 7.66
1.74 7.68
1.73 7.65
1.72 7.68
1.61 7.69
1.82 7.75
1.78 7.7
1.81 7.73
1.82 7.68
1.3 8.23
1.32 8.23
1.17 8.27
1.14 8.3
1.13 8.28
1.82 7.64
1.7 7.57
1.66 7.6
1.6 7.61
1.63 7.6
1.55 7.67
1.53 7.72
1.58 7.62
1.85 7.58
1.26 8.28
1.2 8.35
1.22 8.31
1.19 8.33
1.11 8.36
1.78 7.56
1.78 7.55
1.68 7.49
1.68 7.53
1.71 7.49
1.67 7.52
1.6 7.51
1.53 7.62
1.6 7.55
1.86 7.48
1.84 7.47
1.85 7.51
1.81 7.52
1.82 7.5
1.32 8.35
1.31 8.34
1.27 8.32
1.28 8.24
1.22 8.41
1.15 8.41
1.18 8.4
1.15 8.45
1.12 8.44
1.13 8.47
1.69 7.42
1.75 7.44
1.62 7.5
1.63 7.44
1.58 7.44
1.58 7.41
1.94 7.47
1.79 7.41
1.84 7.4
1.8 7.46
1.8 7.39
1.32 8.38
1.35 8.41
1.38 8.31
1.37 8.41
1.35 8.31
1.36 8.37
1.29 8.42
1.31 8.39
1.29 8.41
1.21 8.45
1.21 8.47
1.23 8.47
1.19 8.49
1.16 8.51
1.17 8.54
1.15 8.55
1.68 7.38
1.74 7.38
1.67 7.38
1.66 7.35
1.64 7.33
1.64 7.33
1.62 7.32
1.6 7.3
1.88 7.37
1.83 7.3
1.33 8.44
1.37 8.47
1.37 8.47
1.37 8.44
1.4 8.48
1.24 8.51
1.21 8.52
1.22 8.52
1.27 8.5
1.2 8.53
1.22 8.57
1.12 8.6
1.71 7.27
1.65 7.27
1.6 7.22
1.65 7.2
1.89 7.29
1.89 7.23
1.86 7.25
1.84 7.21
1.74 7.28
1.77 7.23
1.75 7.28
1.81 7.27
1.37 8.5
1.35 8.5
1.41 8.56
1.36 8.57
1.29 8.54
1.3 8.53
1.27 8.55
1.18 8.69
1.13 8.71
1.12 8.71
1.14 8.65
1.12 8.69
1.13 8.69
1.72 7.23
1.73 7.17
1.7 7.14
1.69 7.17
1.67 7.15
1.64 7.16
1.6 7.17
1.88 7.19
1.87 7.17
1.84 7.15
1.85 7.17
1.79 7.16
1.81 7.15
1.76 7.18
1.76 7.18
1.74 7.24
1.4 8.59
1.31 8.6
1.35 8.63
1.36 8.6
1.26 8.7
1.2 8.72
1.23 8.75
1.12 8.73
1.15 8.8
1.73 7.12
1.72 7.14
1.69 7.07
1.68 7.11
1.83 7.1
1.4 8.67
1.38 8.72
1.39 8.7
1.36 8.71
1.22 8.79
1.19 8.81
1.21 8.9
1.24 8.83
1.15 8.91
1.64 7.03
1.65 7.04
1.66 7.04
1.65 7.04
1.68 7.0
1.69 7.03
1.83 7.03
1.79 7.01
1.38 8.77
1.32 8.73
1.41 8.78
1.39 8.78
1.36 8.8
1.32 8.89
1.31 8.94
1.3 8.9
1.26 8.99
1.23 8.98
1.24 8.95
1.34 8.83
1.34 8.83
1.31 8.82
1.19 9.03
1.59 7.07
1.59 7.05
1.7 6.97
1.73 6.94
1.75 6.97
1.33 8.89
1.36 8.92
1.36 8.95
1.37 8.95
1.37 8.9
1.29 9.02
1.26 9.02
1.25 9.02
1.22 9.05
1.55 6.97
1.58 6.96
1.73 6.89
1.79 7.0
1.73 6.89
1.81 6.98
1.79 6.89
1.71 6.85
1.36 9.06
1.34 9.03
1.34 9.09
1.32 9.08
1.27 9.11
1.23 9.14
1.2 9.12
1.56 6.92
1.6 6.93
1.57 6.92
1.55 6.89
1.83 6.88
1.79 6.86
1.73 6.83
1.86 6.95
1.86 6.99
1.85 6.96
1.84 6.86
1.67 6.8
1.75 6.76
1.69 6.75
1.65 6.78
1.29 9.14
1.27 9.17
1.22 9.15
1.23 9.15
1.21 9.16
1.25 9.22
1.83 6.8
1.74 6.73
1.82 6.74
1.82 6.72
1.78 6.68
1.69 6.71
1.71 6.68
1.71 6.69
1.27 9.27
1.25 9.27
1.76 6.66
1.75 6.63
1.74 6.61
1.65 6.7
1.68 6.65
1.65 6.61
1.65 6.57
1.66 6.58
1.71 6.57
1.58 6.69
1.6 6.74
1.6 6.7
1.61 6.66
1.63 6.51
1.62 6.56
1.59 6.57
1.58 6.74
1.57 6.74
1.55 6.7
1.56 6.72
1.56 6.7
1.58 6.65
1.55 6.78
1.6 6.8
1.54 6.81
3.9 6.14
3.9 6.23
3.9 6.22
3.93 6.22
3.88 6.2
3.94 6.24
3.95 6.26
3.97 6.24
3.91 6.29
3.93 6.28
3.93 6.25
3.87 6.25
3.99 6.25
3.97 6.3
3.91 6.35
3.94 6.35
3.99 6.32
4.01 6.31
4.03 6.32
3.96 6.35
3.97 6.36
3.97 6.33
3.98 6.4
3.98 6.4
3.92 6.41
3.99 6.44
3.95 6.48
3.99 6.44
4.05 6.55
4.07 6.52
4.24 7.28
4.28 7.34
4.28 7.3
4.25 7.35
4.27 7.3
4.26 7.34
4.27 7.35
4.25 7.3
4.22 7.3
4.24 7.31
4.32 7.37
4.32 7.34
4.3 7.36
4.26 7.38
4.34 7.28
4.32 7.25
4.27 7.4
4.21 7.38
4.18 7.35
4.38 7.34
4.38 7.34
4.35 7.36
4.33 7.39
4.39 7.34
4.37 7.3
4.25 7.41
4.25 7.45
4.19 7.37
4.19 7.42
4.17 7.36
4.38 7.42
4.4 7.35
4.17 7.44
4.38 7.46
4.34 7.5
4.32 7.49
4.17 7.51
4.18 7.51
4.2 7.52
4.35 7.57
4.34 7.59
4.29 7.48
4.33 7.56
4.33 7.52
4.29 7.53
4.27 7.58
4.25 7.6
4.35 7.66
4.34 7.66
4.3 7.68
4.27 7.68
4.31 7.72
4.34 7.73
4.35 7.73
4.28 7.71
4.3 7.75
4.26 7.76
4.24 7.76
4.34 7.77
4.37 7.79
4.27 7.84
4.2 7.81
4.18 7.78
4.17 7.78
4.4 7.82
4.33 7.84
4.39 7.87
4.36 7.87
4.31 7.86
4.3 7.89
4.28 7.88
4.25 7.91
4.22 7.88
4.24 7.88
4.2 7.86
4.19 7.84
4.19 7.89
4.17 7.86
4.38 7.89
4.4 7.92
4.34 7.91
4.33 7.92
4.31 7.96
4.3 7.95
4.18 7.93
4.33 7.99
4.3 8.03
4.25 8.01
4.25 8.01
4.37 8.03
4.38 8.03
4.33 8.07
4.28 8.07
4.28 8.1
4.26 8.07
4.24 8.05
4.24 8.02
4.24 8.06
4.21 7.98
4.2 8.05
4.34 8.11
4.37 8.09
4.33 8.1
4.31 8.15
4.25 8.16
4.22 8.11
4.2 8.09
4.19 8.07
4.18 8.09
4.34 8.18
4.35 8.22
4.34 8.2
4.23 8.18
4.18 8.14
4.17 8.14
4.38 8.25
4.4 8.28
4.36 8.31
4.29 8.3
4.26 8.27
4.26 8.27
4.26 8.27
4.28 8.28
4.2 8.22
4.37 8.33
4.38 8.35
4.32 8.36
4.37 8.4
4.34 8.4
4.27 8.32
4.22 8.3
4.32 8.4
4.33 8.42
4.32 8.43
4.35 8.49
4.24 8.4
4.22 8.37
4.21 8.38
4.2 8.39
4.31 8.49
4.37 8.56
4.39 8.54
4.38 8.53
4.37 8.53
4.28 8.54
4.23 8.42
4.23 8.47
4.18 8.41
4.34 8.62
4.38 8.6
4.36 8.63
4.3 8.63
4.26 8.58
4.27 8.62
4.24 8.61
4.21 8.52
4.2 8.51
4.18 8.49
4.17 8.48
4.36 8.68
4.36 8.68
4.29 8.69
4.23 8.66
4.19 8.57
4.2 8.59
4.18 8.58
4.22 8.68
4.35 8.73
4.3 8.76
4.32 8.73
4.31 8.76
4.24 8.71
4.18 8.68
4.37 8.82
4.28 8.78
4.29 8.78
4.2 8.75
4.35 8.83
4.36 8.93
4.36 8.91
4.3 8.82
4.27 8.84
4.26 8.83
4.23 8.81
4.22 8.8
4.21 8.87
4.22 8.89
4.2 8.86
4.24 8.92
4.19 8.98
4.15 8.9
4.28 9.0
4.31 8.98
4.25 9.0
4.25 9.03
4.19 9.04
4.19 9.04
4.19 9.05
4.18 9.07
4.15 9.01
4.07 8.82
4.35 9.04
4.33 9.02
4.32 9.06
4.33 8.96
4.26 9.1
4.21 9.08
4.2 9.09
4.18 9.1
4.24 9.11
4.18 9.14
4.35 9.09
4.31 9.11
4.26 9.11
4.21 9.16
4.23 9.22
4.31 9.17
4.2 9.25
4.21 9.25
4.2 9.27
6.05 2.44
6.09 2.5
6.1 2.54
6.13 2.46
6.13 2.48
6.14 2.41
6.1 2.47
6.07 2.5
6.09 2.44
6.17 2.53
6.13 2.55
6.15 2.56
6.1 2.57
6.14 2.58
6.2 2.57
6.26 2.57
6.23 2.61
6.25 2.61
6.23 2.59
6.23 2.61
6.23 2.6
6.25 2.53
6.22 2.5
6.22 2.65
6.24 2.5
6.27 2.49
6.26 2.46
6.18 2.71
6.16 2.65
6.24 2.7
6.25 2.7
6.31 2.46
6.28 2.45
6.28 2.42
6.29 2.42
6.24 2.75
6.2 2.75
6.14 2.72
6.14 2.68
6.11 2.68
6.28 2.75
6.3 2.69
6.28 2.72
6.27 2.74
6.21 2.38
6.3 2.77
6.26 2.82
6.15 2.8
6.3 2.83
6.31 2.81
6.29 2.82
6.28 2.9
6.33 2.89
6.34 2.9
6.37 2.86
6.3 2.91
6.33 2.91
6.32 2.91
6.3 2.92
6.27 2.92
6.22 2.91
6.22 2.91
6.3 2.97
6.3 2.97
6.24 2.96
6.24 2.97
6.21 2.94
6.18 2.91
6.17 2.87
6.24 3.03
6.27 3.04
6.19 3.03
6.2 3.03
6.16 2.98
6.14 2.84
6.21 3.06
6.23 3.08
6.19 3.07
6.2 3.07
6.3 3.1
6.28 3.11
6.19 3.1
6.18 3.09
6.19 3.09
6.22 3.12
6.24 3.14
6.34 3.14
6.34 3.13
6.33 3.16
6.32 3.15
6.31 3.15
6.34 3.1
6.23 3.18
6.34 3.17
6.34 3.24
6.3 3.33
6.24 3.22
6.27 3.25
6.15 3.26
6.22 3.3
6.17 3.21
6.31 3.36
6.29 3.38
6.15 3.27
6.17 3.35
6.15 3.33
6.15 3.54
6.21 3.62
6.23 3.58
6.22 3.54
6.21 3.6
6.19 3.53
6.16 3.57
6.15 3.53
6.2 3.51
6.16 3.46
6.29 3.62
6.21 3.67
6.25 3.67
6.23 3.66
6.17 3.67
6.18 3.65
6.25 3.48
6.28 3.47
6.25 3.44
6.2 3.43
6.2 3.41
6.15 3.41
6.33 3.56
6.33 3.66
6.34 3.58
6.36 3.59
6.37 3.61
6.34 3.63
6.34 3.6
6.27 3.72
6.21 3.73
6.22 3.73
6.22 3.72
6.15 3.74
6.33 3.44
6.36 3.51
6.35 3.46
6.3 3.39
6.31 3.38
6.36 3.56
6.39 3.52
6.39 3.72
6.41 3.63
6.36 3.7
6.43 3.62
6.42 3.58
6.33 3.76
6.23 3.77
6.26 3.76
6.18 3.77
6.2 3.8
6.09 3.8
6.11 3.75
6.38 3.49
6.41 3.54
6.43 3.55
6.44 3.72
6.46 3.76
6.45 3.76
6.42 3.74
6.43 3.74
6.47 3.72
6.38 3.79
6.45 3.58
6.49 3.57
6.36 3.83
6.28 3.82
6.29 3.84
6.25 3.81
6.18 3.87
6.07 3.84
6.11 3.84
6.46 3.47
6.52 3.77
6.51 3.77
6.5 3.71
6.45 3.8
6.47 3.82
6.48 3.8
6.42 3.86
6.37 3.87
6.51 3.54
6.52 3.6
6.49 3.56
6.57 3.54
6.57 3.58
6.48 3.49
6.3 3.87
6.43 3.88
6.3 3.89
6.49 3.42
6.43 3.41
6.44 3.4
6.56 3.79
6.57 3.82
6.44 3.93
6.41 3.91
6.43 3.93
6.61 3.62
6.57 3.64
6.63 3.57
6.64 3.61
6.62 3.57
6.62 3.5
6.5 3.93
6.29 3.97
6.28 3.98
6.24 3.95
6.39 4.01
6.48 4.0
6.5 4.0
6.66 3.69
6.6 3.7
6.53 3.97
6.56 3.94
6.57 3.88
6.56 3.96
6.56 3.98
6.56 3.89
6.26 4.01
6.32 4.03
6.3 4.05
6.28 3.99
6.34 4.01
6.25 3.98
6.25 3.98
6.19 4.01
6.18 3.98
6.19 3.93
6.19 3.92
6.18 3.98
6.51 4.07
6.4 4.03
6.62 3.81
6.65 3.76
6.66 3.79
6.67 3.8
6.63 3.98
6.6 3.99
6.59 3.89
6.62 3.92
6.56 3.85
6.64 3.98
6.32 4.06
6.35 4.04
6.36 4.07
6.36 4.05
6.24 4.09
6.32 4.1
6.33 4.11
6.14 4.0
6.18 4.1
6.2 4.1
6.17 4.09
6.09 4.0
6.38 4.11
6.37 4.09
6.62 4.07
6.63 4.08
6.59 4.07
6.26 4.17
6.34 4.16
6.31 4.18
6.12 4.08
6.07 3.97
6.06 3.97
6.07 3.94
6.08 3.92
6.04 4.01
6.03 3.95
6.02 3.98
6.6 4.19
6.53 4.16
6.28 4.19
6.28 4.25
6.3 4.24
6.32 4.22
6.27 4.22
6.18 4.17
6.37 4.23
6.04 3.92
5.99 3.97
5.98 3.98
6.09 3.87
5.99 4.03
6.04 4.09
6.59 4.24
6.55 4.28
6.58 4.24
6.55 4.23
6.56 4.23
6.54 4.19
6.51 4.21
6.45 4.18
6.47 4.12
6.27 4.33
6.31 4.28
6.23 4.31
6.26 4.32
6.39 4.27
6.17 4.23
6.16 4.23
6.14 4.25
6.11 4.22
6.1 4.12
6.42 4.28
6.44 4.27
6.44 4.23
5.95 4.08
6.01 4.17
6.02 4.16
6.0 4.16
6.0 4.18
6.0 4.14
5.97 4.15
6.54 4.32
6.5 4.28
6.48 4.27
6.34 4.35
6.2 4.29
6.27 4.37
6.26 4.37
6.22 4.37
6.25 4.36
6.17 4.36
6.17 4.35
6.2 4.29
6.38 4.35
6.42 4.35
6.12 4.3
6.15 4.28
6.09 4.25
6.06 4.29
6.04 4.26
5.95 4.19
5.96 4.16
5.93 4.17
5.99 4.21
6.4 4.4
6.29 4.42
6.33 4.4
6.26 4.42
6.14 4.38
6.11 4.36
6.43 4.38
6.44 4.42
6.06 4.34
6.0 4.35
5.98 4.27
5.98 4.33
5.92 4.24
5.86 4.18
6.35 4.47
6.29 4.48
6.24 4.49
6.2 4.47
6.23 4.49
6.21 4.48
6.2 4.45
6.11 4.43
6.14 4.46
6.07 4.39
6.42 4.52
6.43 4.53
6.43 4.51
6.47 4.46
5.98 4.34
6.0 4.43
5.95 4.37
5.92 4.38
5.94 4.29
5.93 4.3
5.84 4.24
6.32 4.56
6.36 4.54
6.37 4.51
6.37 4.51
6.24 4.54
6.23 4.56
6.19 4.52
6.2 4.51
6.17 4.5
6.14 4.51
6.13 4.49
6.34 4.59
6.38 4.58
6.04 4.52
5.94 4.48
5.95 4.52
5.91 4.45
5.91 4.48
5.89 4.44
5.85 4.4
6.31 4.65
6.25 4.57
6.2 4.59
6.14 4.58
6.09 4.57
5.93 4.6
6.0 4.55
5.97 4.6
5.93 4.58
5.93 4.59
5.93 4.59
5.91 4.54
5.89 4.47
5.84 4.49
5.85 4.49
5.84 4.44
5.82 4.38
5.81 4.45
5.8 4.46
5.78 4.37
5.82 4.36
6.22 4.68
6.28 4.76
6.23 4.64
6.24 4.67
6.18 4.64
6.12 4.6
6.06 4.59
6.07 4.56
6.02 4.59
6.03 4.62
6.04 4.6
5.98 4.62
6.01 4.62
5.97 4.62
5.88 4.61
5.85 4.55
5.83 4.56
5.81 4.48
5.76 4.39
5.77 4.38
5.74 4.4
5.72 4.37
5.75 4.34
5.72 4.34
6.21 4.73
6.15 4.71
6.15 4.68
6.22 4.88
6.24 4.83
6.23 4.88
6.2 4.83
6.11 4.69
6.11 4.68
6.03 4.65
6.05 4.65
6.04 4.65
6.02 4.66
5.99 4.68
5.82 4.66
5.85 4.62
5.85 4.6
5.82 4.58
5.81 4.56
5.73 4.45
5.75 4.46
5.81 4.28
6.13 4.76
6.13 4.79
6.09 4.75
6.17 4.89
6.27 4.91
6.18 4.91
6.17 4.87
6.15 4.88
6.15 4.83
6.07 4.75
6.05 4.7
6.06 4.67
6.0 4.7
5.81 4.73
5.83 4.73
5.84 4.7
5.79 4.69
5.8 4.71
5.82 4.69
5.78 4.67
5.68 4.47
5.73 4.51
6.09 4.83
6.01 4.78
6.24 5.01
6.2 5.02
6.17 5.0
6.12 4.89
6.09 4.94
5.85 4.73
5.75 4.76
5.74 4.73
5.74 4.67
5.71 4.65
5.73 4.62
6.0 4.86
6.04 4.87
6.0 4.87
5.95 4.74
5.93 4.75
5.93 4.76
6.09 5.02
6.0 4.96
6.01 4.99
6.05 5.02
6.01 4.98
5.89 4.8
5.92 4.7
5.85 4.81
5.68 4.71
5.69 4.7
5.71 4.77
5.74 4.76
5.7 4.76
5.7 4.74
5.69 4.65
5.68 4.69
5.69 4.62
5.67 4.65
5.74 4.6
5.68 4.59
5.75 4.57
5.96 4.95
5.94 4.92
5.92 4.89
5.93 4.87
6.13 5.11
6.16 5.02
6.07 5.11
6.06 5.11
6.07 5.12
6.03 5.1
5.96 5.0
5.85 4.85
5.85 4.85
5.81 4.84
5.84 4.9
5.79 4.85
5.79 4.85
5.66 4.71
5.71 4.8
5.69 4.81
5.72 4.54
5.89 4.91
6.21 5.08
6.21 5.08
6.16 5.11
6.16 5.12
6.08 5.16
6.07 5.15
5.95 5.08
6.01 5.12
5.97 5.09
5.73 4.86
5.67 4.84
5.65 4.89
6.2 5.15
6.15 5.15
6.22 5.14
6.22 5.11
6.19 5.18
6.11 5.2
6.05 5.22
5.93 5.12
5.94 5.1
5.94 5.11
5.88 5.1
5.89 5.09
5.73 4.94
5.73 4.95
5.68 4.91
5.7 4.99
5.68 4.96
5.65 4.93
6.15 5.2
6.16 5.21
6.12 5.24
6.07 5.25
6.05 5.24
6.05 5.25
6.05 5.29
5.99 5.26
6.05 5.26
5.85 5.14
5.87 5.16
5.82 5.09
5.84 5.05
5.85 5.04
5.86 5.03
5.71 5.01
5.77 4.99
5.75 4.97
5.75 4.97
5.74 5.03
5.7 5.03
5.67 5.05
5.71 5.06
6.08 5.32
6.05 5.36
6.07 5.35
5.97 5.34
5.97 5.32
5.94 5.21
5.96 5.27
5.93 5.28
5.92 5.24
5.81 5.18
5.79 5.11
5.8 5.12
5.79 5.14
5.81 5.08
5.83 5.04
5.82 5.06
5.77 5.08
5.86 5.02
5.84 5.02
5.77 5.05
5.66 5.09
6.12 5.35
6.12 5.35
6.06 5.4
6.07 5.42
6.15 5.38
6.15 5.38
5.96 5.39
5.95 5.41
5.92 5.4
5.91 5.37
5.89 5.27
5.87 5.23
5.9 5.2
5.89 5.25
5.85 5.3
5.85 5.29
5.72 5.17
5.73 5.16
5.7 5.18
5.71 5.17
5.69 5.14
6.09 5.48
6.07 5.46
5.99 5.43
6.13 5.48
6.1 5.5
6.17 5.46
5.99 5.47
5.96 5.45
5.94 5.45
5.96 5.5
5.84 5.27
5.8 5.29
5.81 5.29
5.76 5.21
5.7 5.22
5.69 5.27
5.69 5.27
5.7 5.26
5.68 5.26
6.12 5.5
6.07 5.54
6.0 5.5
6.17 5.5
6.18 5.51
6.12 5.56
6.11 5.54
6.02 5.55
6.02 5.54
6.0 5.57
5.95 5.57
5.94 5.57
5.93 5.56
5.93 5.56
5.62 5.36
6.04 5.57
6.16 5.57
6.15 5.63
6.08 5.63
5.96 5.63
5.96 5.64
5.96 5.64
5.91 5.62
5.94 5.62
5.92 5.59
5.91 5.6
6.15 5.66
6.02 5.66
5.99 5.7
5.96 5.71
5.94 5.71
5.91 5.7
6.1 5.66
6.1 5.65
6.08 5.68
6.0 5.76
5.98 5.74
5.96 5.77
5.93 5.75
6.11 5.73
6.07 5.76
6.05 5.76
6.05 5.8
6.06 5.8
6.04 5.79
6.02 5.78
5.95 5.85
5.88 5.83
6.11 5.77
6.12 5.77
6.08 5.81
6.07 5.85
6.08 5.85
6.04 5.83
6.03 5.84
5.99 5.91
5.97 5.9
5.99 5.9
5.92 5.94
6.05 5.9
6.04 5.93
6.0 5.96
6.06 5.97
6.1 5.97
6.07 6.0
6.05 5.99
6.05 6.02
5.93 5.99
5.94 5.99
6.04 6.04
6.08 6.07
6.08 6.07
5.99 6.08
6.02 6.12
6.0 6.11
5.98 6.09
6.08 6.14
5.97 6.17
5.98 6.18
5.96 6.13
5.95 6.12
5.94 6.12
5.91 6.1
5.91 6.12
6.01 6.21
5.92 6.19
5.95 6.2
5.92 6.15
5.88 6.15
5.86 6.13
5.88 6.07
5.87 6.08
5.85 6.23
5.86 5.98
5.94 6.29
5.92 6.28
5.92 6.29
5.91 6.32
5.87 6.31
5.96 6.29
5.98 6.31
5.99 6.27
5.91 6.33
5.88 6.35
5.92 6.37
5.89 6.38
5.82 6.35
6.02 6.28
6.02 6.29
6.04 6.31
6.04 6.35
6.06 6.29
5.91 6.4
5.82 6.38
5.83 6.39
5.95 6.41
5.93 6.43
5.84 6.43
6.06 6.35
6.06 6.31
5.81 6.47
5.82 6.47
5.86 6.47
6.0 6.44
5.9 6.5
5.82 6.51
5.8 6.5
5.9 6.54
5.8 6.52
5.86 6.57
5.91 6.56
5.83 6.56
5.78 6.58
5.85 6.62
5.84 6.61
5.97 6.6
5.93 6.64
5.94 6.6
5.84 6.66
5.78 6.65
5.78 6.67
6.04 6.58
6.04 6.59
6.02 6.62
6.01 6.66
6.02 6.56
6.01 6.58
6.01 6.58
5.95 6.66
5.95 6.65
5.92 6.67
5.89 6.71
5.83 6.73
5.83 6.69
5.8 6.68
5.82 6.71
5.78 6.7
6.03 6.5
5.98 6.72
5.95 6.74
5.88 6.73
5.91 6.75
5.83 6.75
5.85 6.79
5.96 6.76
5.98 6.81
5.89 6.81
5.84 6.81
5.82 6.82
5.77 6.79
5.88 6.85
5.84 6.83
5.99 6.85
5.93 6.88
5.94 6.88
5.93 6.88
5.8 6.86
5.83 6.87
5.77 6.8
5.79 6.87
5.79 6.88
5.74 6.87
5.89 6.92
5.88 6.93
5.95 6.96
5.94 6.94
5.8 6.91
5.75 6.88
5.75 6.91
5.75 6.95
5.77 6.94
5.84 6.95
5.85 6.98
5.81 6.95
5.94 7.0
5.95 6.98
5.78 6.95
5.79 6.95
5.79 6.97
5.82 7.0
5.86 7.04
5.94 7.11
5.93 7.08
5.77 7.05
5.78 7.05
5.89 7.1
8.22 2.62
8.2 2.69
8.13 2.83
8.2 2.7
7.29 3.41
8.28 2.65
8.31 2.58
8.3 2.58
8.28 2.65
8.28 2.54
8.24 2.55
8.26 2.57
8.27 2.57
8.26 2.53
8.24 2.67
8.28 2.75
8.28 2.71
8.23 2.75
8.24 2.79
8.25 2.8
8.25 2.83
8.26 2.82
8.27 2.79
8.22 2.89
8.24 2.91
8.23 2.8
8.33 2.66
8.33 2.59
8.32 2.56
8.33 2.55
8.35 2.72
8.35 2.74
8.3 2.75
8.32 2.76
8.31 2.8
8.32 2.81
8.29 2.98
8.27 3.0
8.29 2.97
8.24 2.98
8.33 2.89
8.29 2.93
8.36 2.62
8.38 2.67
8.38 2.62
8.38 2.65
8.38 2.65
8.38 2.53
8.35 2.5
8.36 2.51
8.39 2.58
8.38 2.74
8.4 2.77
8.39 2.75
8.36 2.82
8.32 2.99
8.34 2.97
8.28 3.07
8.25 3.06
8.21 3.01
8.26 3.04
8.35 2.95
8.2 3.06
8.37 2.96
8.42 2.89
8.35 2.9
8.41 2.62
8.38 2.47
8.39 2.46
8.35 2.46
8.34 3.06
8.26 3.1
8.27 3.13
8.32 3.1
8.21 3.12
8.43 3.02
8.34 3.11
8.26 3.17
8.29 3.15
8.4 3.15
8.41 3.09
8.36 3.13
8.39 3.15
8.38 3.16
8.39 3.1
8.35 3.18
8.29 3.22
8.33 3.2
8.28 3.22
8.4 3.21
8.37 3.21
8.39 3.22
8.35 3.22
8.39 3.23
8.37 3.25
8.43 3.23
8.45 3.25
8.39 3.24
8.42 3.28
8.44 3.33
8.35 3.33
8.46 3.42
8.47 3.38
8.47 3.42
8.44 3.41
8.45 3.37
8.36 3.36
8.47 3.49
8.47 3.48
8.42 3.46
8.45 3.48
8.38 3.43
8.37 3.42
8.46 3.53
8.38 3.48
8.42 3.54
8.35 3.47
8.34 3.48
8.35 3.42
8.33 3.45
8.34 3.36
8.37 3.56
8.37 3.61
8.34 3.57
8.32 3.55
8.28 3.41
8.26 3.35
8.3 3.33
8.3 3.34
8.28 3.33
8.36 3.62
8.29 3.56
8.27 3.41
8.25 3.4
8.27 2.1
8.24 2.22
8.28 2.13
8.28 2.17
8.25 2.16
8.31 2.28
8.29 2.3
8.33 2.26
8.32 2.23
8.26 2.23
8.27 2.31
8.28 2.29
8.25 2.29
8.32 2.29
8.33 2.29
8.27 2.35
8.25 2.33
8.29 2.37
8.23 2.34
8.37 2.33
8.36 2.34
8.32 2.36
8.3 2.39
8.4 2.33
8.39 2.37
8.4 2.29
8.36 2.37
8.34 2.36
8.35 2.41
8.31 2.41
8.33 2.4
8.42 2.27
8.45 2.35
7.96 4.13
8.19 4.17
8.15 4.37
8.2 4.31
8.17 4.42
8.24 4.32
8.2 4.31
8.12 4.37
8.13 4.21
8.18 4.18
8.19 4.2
8.24 4.18
8.21 4.16
8.21 4.49
8.16 4.47
8.14 4.55
8.14 4.57
8.14 4.59
8.23 4.57
8.19 4.59
8.1 4.6
8.1 4.6
8.07 4.58
8.17 4.65
8.12 4.62
8.05 4.59
8.12 4.66
8.06 4.65
8.2 4.71
8.21 4.71
8.16 4.74
8.17 4.74
8.04 4.69
8.08 4.71
8.11 4.73
8.2 4.8
8.22 4.8
8.21 4.8
8.13 4.78
8.24 4.81
8.18 4.82
8.06 4.79
8.05 4.78
8.04 4.79
8.04 4.76
8.2 4.87
8.24 4.86
8.19 4.9
8.2 4.9
8.19 4.9
8.04 4.82
8.02 4.84
8.17 4.93
8.14 4.95
8.2 5.0
8.11 4.92
8.1 4.98
8.16 5.01
8.14 5.03
8.05 4.98
8.23 5.02
8.19 5.09
8.04 4.98
8.04 4.95
8.09 5.04
8.07 5.04
8.02 4.99
8.16 5.12
8.2 5.12
8.17 5.18
8.21 5.15
8.13 5.16
8.17 5.13
8.0 5.03
8.0 4.9
8.0 5.01
8.03 5.08
8.04 5.07
8.02 5.08
8.2 5.27
8.18 5.23
8.14 5.26
8.08 5.18
8.08 5.18
8.12 5.19
8.08 5.15
8.05 5.18
8.06 5.12
7.97 5.07
8.01 5.1
7.99 5.12
8.18 5.31
8.19 5.37
8.15 5.35
8.15 5.28
8.08 5.33
8.03 5.25
8.03 5.25
8.01 5.23
8.02 5.18
7.98 5.22
7.98 5.15
8.15 5.39
8.04 5.42
7.99 5.36
8.03 5.32
7.97 5.32
7.96 5.24
7.97 5.28
8.03 5.48
8.03 5.46
8.06 5.46
7.99 5.49
8.0 5.41
8.03 5.47
7.98 5.47
7.97 5.43
8.03 5.51
8.06 5.51
8.02 5.52
7.98 5.49
8.0 5.56
8.03 5.57
8.05 5.57
8.11 5.54
8.04 5.58
7.98 5.62
8.03 5.6
7.96 5.61
8.08 5.62
8.06 5.65
8.01 5.68
7.98 5.68
8.1 5.65
8.14 5.58
8.13 5.58
8.05 5.7
7.95 5.75
8.19 5.63
8.17 5.68
8.18 5.52
8.16 5.53
8.19 5.56
8.06 5.8
8.09 5.78
8.02 5.8
8.16 5.8
8.12 5.85
8.12 5.83
8.07 5.92
8.16 5.88
8.16 5.88
8.13 5.88
8.1 5.91
8.08 5.92
8.1 5.97
8.14 5.99
8.0 5.97
7.99 5.94
8.17 5.99
8.05 6.07
8.07 6.07
8.02 6.03
8.15 6.02
8.09 6.15
8.62 1.57
8.66 1.62
8.7 1.64
8.69 1.49
8.72 1.57
8.72 1.6
8.68 1.56
8.69 1.58
8.65 1.5
8.62 1.64
8.63 1.61
8.72 1.68
8.73 1.66
8.63 1.7
8.78 1.61
8.64 1.41
8.75 1.46
8.73 1.46
8.72 1.43
8.71 1.48
8.78 1.59
8.79 1.6
8.78 1.57
8.8 1.72
8.77 1.73
8.67 1.8
8.68 1.78
8.7 1.78
8.65 1.78
8.76 1.36
8.75 1.37
8.71 1.31
8.72 1.35
8.67 1.28
8.78 1.78
8.79 1.77
8.8 1.82
8.75 1.28
8.77 1.26
8.75 1.28
8.73 1.27
8.72 1.23
8.75 1.24
8.74 1.22
8.71 1.21
8.72 1.21
8.74 1.19
8.71 1.86
8.7 1.89
8.76 1.93
8.68 1.15
8.67 1.93
8.67 1.84
8.64 1.9
8.64 1.87
8.77 1.95
8.72 1.97
8.68 1.96
8.67 1.97
8.68 1.96
8.6 1.95
8.6 1.83
8.76 2.06
8.65 2.04
8.64 2.03
8.64 2.06
8.59 2.02
8.71 2.1
8.65 2.11
8.59 2.09
8.61 2.12
8.75 2.18
8.73 2.19
8.73 2.18
8.77 2.08
8.74 2.16
8.7 2.18
8.66 2.19
8.6 2.18
8.6 2.22
8.57 2.21
8.72 2.24
8.81 2.18
8.61 2.26
8.63 2.27
8.6 2.23
8.57 2.28
8.59 2.31
8.76 2.33
8.7 2.3
8.92 2.19
8.92 2.17
8.87 2.27
8.63 2.33
8.57 2.43
8.97 2.24
8.97 2.14
8.92 2.14
8.94 2.23
8.96 2.2
8.94 2.16
8.93 2.12
8.92 2.12
8.91 2.25
8.92 2.25
8.92 2.32
8.92 2.34
8.88 2.32
8.9 2.32
8.87 2.28
8.65 2.52
8.68 2.51
8.68 2.45
8.61 2.51
8.58 2.57
8.64 2.55
8.64 2.46
8.99 2.17
9.02 2.28
9.02 2.22
8.99 2.25
9.0 2.2
8.99 2.13
8.97 2.11
8.95 2.09
8.92 2.1
8.93 2.06
8.96 2.38
8.96 2.39
8.9 2.4
8.72 2.5
8.68 2.55
8.71 2.54
8.66 2.57
8.71 2.58
8.72 2.57
8.73 2.5
8.75 2.39
8.75 2.42
8.57 2.59
8.66 2.62
8.6 2.66
8.56 2.65
8.55 2.59
9.06 2.35
9.05 2.27
9.04 2.35
9.03 2.34
9.02 2.34
9.06 2.18
9.02 2.08
9.01 2.07
8.97 2.06
8.93 2.03
8.93 1.99
9.03 2.4
9.03 2.4
8.98 2.44
9.01 2.39
9.03 2.37
8.95 2.46
8.94 2.47
8.92 2.47
8.88 2.47
8.89 2.45
8.75 2.58
8.65 2.64
8.74 2.65
8.71 2.63
8.62 2.66
8.59 2.67
8.7 2.67
8.6 2.74
8.57 2.73
9.09 2.38
9.12 2.39
9.05 2.41
9.08 2.06
9.04 2.07
9.04 2.07
9.06 2.01
9.06 2.01
9.05 2.45
9.06 2.45
8.99 2.48
9.02 2.47
8.98 2.52
8.92 2.53
8.94 2.5
8.92 2.49
8.89 2.53
8.87 2.52
8.65 2.77
8.65 2.79
8.66 2.8
8.6 2.77
8.6 2.82
8.62 2.79
8.64 2.79
9.06 2.46
9.21 2.36
9.15 2.02
9.11 2.14
9.1 2.02
9.1 1.93
9.11 1.95
9.15 1.98
9.1 1.95
9.07 2.48
9.06 2.51
9.03 2.51
8.92 2.59
8.91 2.57
8.87 2.59
8.69 2.83
8.67 2.84
8.68 2.82
8.71 2.78
8.56 2.84
8.62 2.87
9.1 2.51
9.22 2.34
9.23 2.28
9.26 2.26
9.23 2.26
9.26 2.24
9.21 2.27
9.22 2.29
9.2 2.25
9.16 2.0
9.22 2.05
9.23 2.04
9.2 2.08
9.19 2.08
9.18 1.99
9.03 1.9
9.13 1.91
9.09 1.88
9.08 2.53
8.86 2.61
8.87 2.64
8.91 2.65
8.84 2.62
8.84 2.61
8.69 2.91
8.69 2.9
8.74 2.74
8.69 2.93
9.21 2.19
9.22 2.21
9.17 2.21
9.24 2.17
9.22 2.16
9.14 2.21
9.16 2.11
9.16 2.12
9.2 2.11
9.24 2.09
9.24 2.09
9.22 2.15
8.98 1.91
9.05 1.83
9.03 1.82
9.03 1.86
9.05 1.82
8.98 1.85
8.98 1.87
9.11 1.83
8.86 2.69
8.94 2.68
8.87 2.7
8.93 2.71
8.83 2.75
8.71 3.04
8.7 3.04
8.71 3.02
9.1 2.17
9.07 1.78
9.11 1.78
9.0 1.77
8.98 1.76
8.97 1.82
9.11 1.74
8.92 2.74
8.91 2.75
8.91 2.75
8.86 2.75
8.95 2.76
8.96 2.74
8.96 2.75
9.01 2.72
8.97 2.73
8.89 2.77
8.93 2.77
8.86 2.84
8.71 3.05
8.73 3.07
8.68 3.11
8.67 3.13
8.72 3.1
8.63 3.08
8.69 3.05
8.62 3.03
9.11 1.71
9.01 1.73
9.13 1.7
9.08 1.69
9.01 1.71
8.99 1.75
8.98 1.69
8.97 1.67
8.95 2.78
8.96 2.79
9.0 2.79
8.94 2.82
9.06 2.65
9.05 2.7
9.06 2.65
8.95 2.86
8.94 2.91
8.92 2.86
8.88 2.85
8.65 3.2
8.7 3.22
8.57 3.1
8.57 3.05
8.54 2.99
9.13 1.67
9.03 1.62
9.1 1.64
9.04 1.65
9.01 1.63
8.94 1.63
9.04 2.81
9.05 2.81
9.04 2.9
9.03 2.95
9.03 2.88
8.96 2.98
9.03 2.9
8.94 2.95
8.63 3.27
8.65 3.31
8.6 3.27
8.56 3.22
8.55 3.18
8.55 3.21
8.66 3.33
8.7 3.31
8.7 3.32
8.64 3.32
9.03 1.59
9.04 1.54
9.02 1.56
9.14 1.59
9.09 1.55
8.95 1.52
8.98 1.53
8.95 1.53
9.08 2.97
9.06 2.88
9.04 2.88
8.67 3.34
8.61 3.35
8.58 3.3
8.61 3.36
8.64 3.37
8.61 3.37
8.55 3.34
8.69 3.38
9.13 1.5
9.08 1.47
9.16 1.55
9.14 3.07
9.09 3.06
8.65 3.45
8.6 3.45
9.21 1.48
9.2 1.56
9.19 1.57
9.19 1.55
9.13 1.41
9.18 1.44
9.09 1.42
9.07 1.43
9.13 1.4
9.04 1.42
9.03 1.39
9.14 3.14
9.09 3.14
8.99 3.07
9.01 3.15
9.04 3.16
8.98 3.06
8.97 3.06
8.64 3.54
8.63 3.54
8.62 3.47
9.27 1.4
9.23 1.48
9.23 1.41
9.22 1.39
9.17 1.37
9.13 1.37
9.06 1.37
9.05 1.36
9.04 1.34
9.04 1.32
9.11 3.2
9.14 3.25
9.09 3.24
9.06 3.23
8.99 3.15
8.98 3.12
8.98 3.17
8.96 3.16
8.97 3.2
9.25 1.35
9.17 1.33
9.18 1.3
9.12 3.31
9.01 3.25
9.03 3.27
9.06 3.33
8.97 3.11
8.96 3.19
8.94 3.11
8.95 3.08
8.98 3.23
8.97 3.23
8.96 3.21
8.97 3.22
8.98 3.26
9.23 1.24
9.23 1.27
9.24 1.22
9.15 1.23
9.13 1.23
9.13 1.24
9.1 3.41
9.0 3.34
9.02 3.31
8.98 3.32
9.18 1.14
9.16 1.13
9.09 1.16
9.1 1.23
9.09 1.19
9.2 3.52
9.16 3.54
9.18 3.51
8.98 3.45
8.99 3.46
9.17 1.11
9.15 1.1
9.08 1.1
8.94 3.55
8.98 3.54
8.95 3.52
8.92 3.5
8.93 3.48
8.89 3.54
9.13 1.05
9.1 1.02
9.13 1.01
9.08 1.04
9.07 1.01
8.99 3.6
8.95 3.64
8.88 3.61
8.89 3.61
8.9 3.58
8.9 3.58
9.01 3.63
8.89 3.63
9.19 1.0
9.18 1.0
9.12 0.98
9.12 0.95
9.09 0.94
9.19 0.99
9.18 0.96
9.07 3.61
9.0 3.65
8.91 3.69
8.91 3.67
8.88 3.68
8.88 3.72
9.16 0.93
9.15 0.9
9.09 0.88
9.07 0.88
9.19 0.9
9.23 0.97
9.24 0.96
9.19 0.91
9.18 0.91
9.15 3.58
9.11 3.6
9.12 3.61
9.14 3.64
9.13 3.61
9.1 3.66
9.09 3.66
8.97 3.73
8.96 3.75
8.97 3.73
8.86 3.75
8.87 3.76
8.95 3.77
9.2 0.88
9.17 0.89
9.14 0.85
9.12 0.83
9.23 1.0
9.25 0.94
9.27 0.98
9.24 0.93
9.16 3.62
9.16 3.66
9.18 3.61
9.19 3.65
9.17 3.67
9.15 3.69
9.08 3.72
9.08 3.73
9.1 3.73
8.99 3.81
8.93 3.82
9.0 3.76
8.97 3.77
9.02 3.75
8.92 3.82
8.83 3.83
8.86 3.84
8.89 3.83
8.99 3.83
9.17 0.81
9.24 1.04
9.15 3.72
9.19 3.71
9.23 3.62
9.11 3.77
9.07 3.73
9.06 3.77
8.95 3.86
9.0 3.87
9.01 3.86
8.99 3.85
8.94 3.87
8.93 3.87
8.85 3.88
8.86 3.92
8.78 3.91
9.18 0.75
9.21 0.75
9.22 0.79
9.26 0.82
9.13 0.76
9.16 3.78
9.22 3.72
9.25 3.74
9.26 3.73
9.26 3.73
9.23 3.72
9.31 3.62
9.26 3.62
9.25 3.59
9.27 3.6
9.16 3.81
9.13 3.82
9.09 3.83
9.11 3.82
9.12 3.8
9.13 3.82
8.99 3.89
8.95 3.92
9.07 3.86
9.0 3.94
8.89 3.97
8.89 3.97
8.87 3.94
8.78 4.0
8.78 4.03
8.73 4.02
8.73 3.99
9.15 0.7
9.18 0.67
9.18 0.66
9.14 0.66
9.13 0.67
9.07 0.69
9.15 3.84
9.19 3.82
9.19 3.79
9.27 3.72
9.28 3.78
9.31 3.76
9.32 3.54
9.33 3.58
9.22 3.83
9.18 3.85
9.14 3.87
9.09 3.84
9.03 3.95
9.06 3.92
9.03 4.01
9.05 4.0
9.04 3.98
9.01 4.01
9.02 3.99
8.94 4.05
8.87 4.06
8.96 4.04
8.89 4.04
8.84 4.05
8.81 4.12
8.82 4.07
8.72 4.1
8.8 4.09
8.71 4.08
9.16 0.62
9.1 0.66
9.21 0.6
9.2 0.6
9.2 0.59
9.18 0.61
9.07 0.62
9.15 3.88
9.22 3.87
9.32 3.85
9.34 3.81
9.31 3.81
9.39 3.77
9.39 3.72
9.32 3.46
9.33 3.48
9.3 3.51
9.32 3.53
9.31 3.46
9.42 3.61
9.42 3.6
9.36 3.65
9.19 3.9
9.21 3.9
9.14 3.91
9.14 3.9
9.14 3.92
9.07 4.01
9.07 4.02
9.03 4.08
9.01 4.07
9.03 4.05
8.91 4.08
8.92 4.1
8.93 4.1
8.92 4.07
8.89 4.1
8.91 4.11
8.82 4.14
8.82 4.15
8.74 4.14
9.18 0.54
9.12 0.57
9.05 0.6
9.22 3.94
9.27 3.9
9.46 3.74
9.41 3.78
9.44 3.74
9.42 3.73
9.41 3.7
9.41 3.71
9.41 3.68
9.35 3.43
9.49 3.63
9.48 3.65
9.45 3.55
9.48 3.55
9.45 3.6
9.44 3.56
9.1 4.07
9.13 4.0
9.1 4.1
9.09 4.1
8.89 4.16
8.88 4.18
8.87 4.21
8.77 4.18
8.78 4.19
8.75 4.18
8.73 4.21
8.69 4.17
8.69 4.14
9.06 0.55
9.28 3.96
9.34 3.89
9.35 3.91
9.47 3.74
9.49 3.78
9.48 3.7
9.47 3.7
9.47 3.84
9.51 3.65
9.51 3.66
9.54 3.67
9.47 3.51
9.52 3.51
9.4 3.48
9.14 4.05
9.13 4.11
9.16 4.03
9.17 4.03
9.19 4.0
9.14 4.17
9.13 4.18
8.89 4.23
8.78 4.25
8.71 4.22
8.69 4.21
8.71 4.24
8.72 4.25
8.66 4.19
9.27 4.02
9.32 4.03
9.26 4.04
9.39 3.94
9.41 3.94
9.39 3.92
9.41 3.93
9.37 3.88
9.53 3.85
9.5 3.92
9.52 3.91
9.47 3.91
9.49 3.9
9.55 3.86
9.45 3.91
9.6 3.74
9.58 3.61
8.84 4.26
8.76 4.31
8.77 4.28
8.8 4.28
8.64 4.27
9.33 4.08
9.35 4.06
9.28 4.09
9.24 4.08
9.45 3.93
9.45 3.94
9.53 3.94
9.52 3.96
9.5 3.93
9.52 3.94
9.48 3.93
9.63 3.74
9.58 3.86
8.88 4.29
8.88 4.3
8.73 4.34
8.7 4.32
8.66 4.33
8.65 4.29
8.64 4.33
8.62 4.35
8.63 4.28
9.48 3.97
9.55 3.97
9.58 3.94
9.52 3.97
9.58 3.93
9.52 4.0
9.52 4.01
9.61 3.88
8.96 4.23
8.66 4.37
8.75 4.4
8.7 4.4
8.69 4.39
8.68 4.38
8.66 4.4
8.58 4.38
8.64 4.41
9.45 4.0
9.58 3.98
9.54 4.02
9.62 3.95
9.61 3.89
9.57 4.03
8.98 4.2
8.99 4.23
9.03 4.25
8.98 4.19
8.98 4.16
8.99 4.17
8.74 4.45
8.72 4.47
8.56 4.43
8.59 4.43
8.52 4.41
8.56 4.41
9.45 4.03
9.63 4.0
9.63 3.99
9.6 4.09
9.63 4.06
8.69 4.54
8.68 4.5
8.65 4.55
8.64 4.53
9.65 4.08
9.65 4.11
9.62 4.11
9.66 4.12
9.57 4.11
8.61 4.53
9.59 4.16
9.49 4.14
9.51 4.14
9.57 4.23
9.59 4.25
9.61 4.26
9.61 4.3
9.56 4.28
9.49 4.28
9.53 4.25
9.53 4.26
9.48 4.21
9.55 4.34
9.61 4.35
9.63 4.34
9.54 4.33
9.63 4.37
9.56 4.36
9.5 4.35
9.47 4.32
9.49 4.34
9.42 4.27
9.42 4.29
9.44 4.29
9.45 4.17
9.4 4.23
9.57 4.43
9.52 4.37
9.42 4.33
9.36 4.33
9.39 4.28
9.38 4.29
9.35 4.19
9.35 4.21
9.36 4.2
9.43 4.41
9.36 4.4
9.37 4.09
9.47 4.5
9.41 4.46
9.43 4.49
9.36 4.46
9.36 4.47
9.35 4.5
9.35 4.51
9.36 4.53
9.45 4.58
9.52 4.47
9.39 4.57
9.33 4.52
9.36 4.57
9.36 4.57
9.33 4.58
9.34 4.58
9.34 4.59
9.44 4.69
9.35 4.64
9.31 4.67
9.47 4.71
9.53 4.71
9.51 4.75
9.53 4.71
9.54 4.69
9.45 4.75
9.46 4.78
9.37 4.73
9.39 4.79
9.35 4.7
9.3 4.72
9.66 4.72
9.59 4.57
9.61 4.58
9.32 4.83
9.28 4.83
9.23 4.8
9.22 4.81
9.63 4.53
9.62 4.53
9.62 4.52
9.61 4.56
9.39 4.94
9.26 4.87
9.34 4.92
9.24 4.9
9.25 4.92
9.55 4.45
9.62 4.51
8.68 4.91
8.81 5.04
8.74 5.03
8.72 5.09
8.75 5.1
8.74 5.1
8.78 5.06
8.7 5.08
8.7 5.08
8.71 5.03
8.71 5.02
8.71 5.02
8.66 4.92
8.89 5.06
8.84 5.06
8.78 5.13
8.71 5.13
8.73 5.16
8.75 5.17
8.86 5.14
8.92 5.11
8.73 5.19
8.69 5.18
8.74 5.21
8.74 5.22
8.69 5.21
8.71 5.21
8.78 5.21
8.81 5.19
8.73 5.23
8.88 5.21
8.85 5.17
8.92 5.18
8.91 5.19
8.85 5.2
8.97 5.18
8.97 5.16
8.94 5.18
8.97 5.1
8.65 5.22
8.69 5.25
8.72 5.26
8.7 5.28
8.81 5.21
8.86 5.23
8.9 5.22
8.87 5.24
8.92 5.21
9.0 5.18
9.01 5.17
8.97 5.23
8.94 5.01
8.69 5.29
8.92 5.29
9.02 5.26
8.74 5.37
8.98 5.31
8.96 5.3
8.96 5.31
8.96 5.28
8.96 5.27
8.94 5.3
9.01 5.33
9.04 5.36
9.04 5.36
9.05 5.38
9.03 5.38
8.98 5.4
9.04 5.42
9.02 5.48
9.0 5.46
8.99 5.48
8.93 5.46
8.91 5.39
8.93 5.54
8.97 5.52
8.95 5.49
8.89 5.52
8.91 5.51
8.88 5.46
8.88 5.51
9.0 5.53
9.02 5.57
9.01 5.56
8.88 5.54
8.91 5.57
8.88 5.38
8.83 5.43
9.06 5.56
9.05 5.56
9.04 5.54
9.06 5.57
9.03 5.6
8.99 5.62
8.99 5.61
8.93 5.64
8.88 5.65
8.89 5.64
8.78 5.37
8.77 5.37
8.77 5.35
8.99 5.67
9.0 5.68
8.95 5.72
8.87 5.68
9.05 5.68
9.01 5.73
8.94 5.75
8.95 5.76
8.99 5.8
8.98 5.79
8.91 5.78
9.01 5.83
8.94 5.85
8.93 5.85
9.04 5.85
9.03 5.87
8.98 5.86
8.99 5.9
9.01 5.9
8.93 5.92
8.91 5.89
9.04 5.93
9.0 5.96
8.98 5.97
8.96 5.95
8.97 5.99
8.91 5.96
9.0 5.98
8.98 5.99
8.99 6.01
8.96 6.02
8.97 6.03
8.92 6.02
8.87 6.01
8.94 6.08
8.91 6.06
8.91 6.07
8.86 6.05
8.87 6.05
8.93 6.1
8.91 6.15
8.9 6.11
8.85 6.06
8.85 6.04
8.96 6.16
8.97 6.19
8.94 6.22
8.88 6.2
8.91 6.22
8.86 6.21
8.96 6.22
8.95 6.24
8.96 6.28
8.93 6.26
8.94 6.29
8.91 6.29
8.9 6.26
8.81 6.16
8.87 6.31
8.87 6.37
8.82 6.38
8.86 6.48
8.8 6.4
8.79 6.46
8.78 6.38
8.89 6.52
8.92 6.53
8.93 6.5
8.89 6.54
8.89 6.53
8.83 6.55
8.82 6.52
8.8 6.55
8.78 6.49
8.8 6.56
8.94 6.56
8.95 6.58
8.87 6.61
8.8 6.59
8.8 6.63
8.82 6.65
8.82 6.65
8.91 6.68
8.89 6.67
8.87 6.67
8.85 6.69
8.84 6.7
8.8 6.72
8.86 6.7
8.82 6.73
8.98 6.68
8.97 6.68
8.92 6.74
8.9 6.7
8.92 6.68
8.84 6.74
8.83 6.74
8.84 6.76
9.02 6.65
8.98 6.76
9.02 6.69
8.98 6.77
8.96 6.79
8.98 6.78
8.9 6.79
8.86 6.8
9.0 6.79
9.02 6.83
9.0 6.85
8.96 6.87
8.93 6.85
8.84 6.84
8.86 6.85
9.09 6.8
8.98 6.89
9.01 6.86
9.08 6.82
8.93 6.93
8.85 6.87
8.77 6.81
8.78 6.82
8.78 6.91
9.14 6.85
9.16 6.79
9.17 6.78
9.07 6.75
9.1 6.78
9.13 6.74
9.11 6.72
9.13 6.74
9.0 6.95
9.0 6.96
8.97 6.97
9.11 6.9
8.95 6.98
8.92 6.97
8.89 6.93
8.74 6.88
8.74 6.91
9.17 6.92
9.12 6.92
9.16 6.89
9.09 6.92
9.23 6.83
9.18 6.75
9.24 6.74
9.24 6.73
9.19 6.69
9.02 7.03
9.08 6.98
9.05 7.0
8.96 7.03
8.9 7.02
8.88 7.01
8.84 7.0
8.83 6.99
8.72 6.94
8.75 6.96
8.74 6.97
8.7 6.96
8.66 6.87
8.68 6.93
8.67 6.87
8.7 6.99
9.11 7.0
9.16 7.0
9.1 6.96
9.3 6.84
9.29 6.86
9.26 6.89
9.24 6.86
9.27 6.85
9.26 6.87
9.24 6.85
9.26 6.72
9.29 6.68
9.31 6.68
9.26 6.65
9.27 6.65
9.26 6.64
9.07 7.05
9.08 7.05
9.04 7.09
9.01 7.1
9.12 7.03
9.11 7.05
8.84 7.04
8.83 7.07
8.82 7.08
8.8 7.07
8.8 7.08
8.8 7.08
8.8 7.07
8.67 6.97
8.62 6.95
9.16 7.04
9.16 7.03
9.14 7.05
9.2 7.03
9.2 7.05
9.3 6.9
9.35 6.81
9.31 6.79
9.3 6.96
9.33 6.71
9.37 6.69
9.34 6.64
9.36 6.63
9.34 6.58
8.97 7.13
9.06 7.17
9.03 7.19
8.96 7.18
8.93 7.12
8.88 7.12
8.82 7.14
8.81 7.12
8.76 7.08
8.75 7.12
8.74 7.07
8.73 7.07
8.66 7.05
8.65 7.03
8.63 7.05
9.21 7.08
9.19 7.08
9.21 7.09
9.26 7.07
9.27 7.05
9.23 7.1
9.37 6.96
9.38 6.78
9.39 6.87
9.39 6.85
9.36 6.76
9.35 6.77
9.36 6.78
9.43 6.73
9.41 6.71
9.4 6.71
9.44 6.7
9.38 6.64
9.42 6.6
9.26 6.51
8.93 7.19
8.9 7.18
8.9 7.18
8.92 7.19
8.93 7.19
8.89 7.17
8.94 7.24
8.95 7.24
8.99 7.25
8.99 7.24
8.87 7.18
8.8 7.16
8.76 7.16
8.77 7.16
8.75 7.17
8.71 7.18
8.67 7.07
9.22 7.13
9.17 7.12
9.28 7.1
9.28 7.13
9.32 7.11
9.29 7.04
9.31 7.08
9.42 6.75
9.46 6.77
9.47 6.76
9.46 6.78
9.45 6.62
9.45 6.63
9.52 6.63
9.5 6.63
8.88 7.24
8.87 7.23
8.89 7.28
8.9 7.27
8.87 7.25
8.88 7.27
9.08 7.23
8.84 7.24
8.76 7.22
8.7 7.19
8.66 7.23
8.69 7.24
8.68 7.2
8.67 7.2
9.17 7.15
9.2 7.19
9.22 7.18
9.16 7.14
9.14 7.18
9.14 7.16
9.34 7.09
9.31 7.18
9.35 7.17
9.37 7.05
9.45 6.82
9.53 6.75
9.55 6.76
9.53 6.68
9.55 6.67
9.59 6.61
9.57 6.59
8.85 7.31
8.85 7.33
9.11 7.26
9.1 7.31
9.09 7.31
9.14 7.26
9.12 7.24
9.15 7.26
9.11 7.21
8.76 7.25
8.59 7.26
8.58 7.22
8.59 7.2
8.59 7.2
9.17 7.21
9.19 7.22
9.23 7.24
9.38 7.23
9.31 7.25
9.34 7.25
9.4 7.18
9.4 7.23
9.4 6.96
9.43 7.0
9.44 7.08
9.48 6.85
9.5 6.88
9.46 6.87
9.47 6.89
9.47 6.85
9.55 6.73
9.58 6.7
9.58 6.71
9.59 6.7
9.57 6.84
9.57 6.84
9.61 6.72
9.63 6.67
8.91 7.36
8.84 7.39
8.93 7.37
9.17 7.27
9.15 7.36
9.18 7.35
9.14 7.39
9.13 7.39
8.57 7.32
8.6 7.31
8.6 7.3
8.55 7.29
8.52 7.23
8.53 7.25
8.55 7.23
8.59 7.15
8.6 7.15
8.54 7.18
8.56 7.18
8.61 7.15
9.29 7.29
9.23 7.32
9.26 7.26
9.39 7.26
9.42 7.29
9.42 7.26
9.41 7.25
9.44 7.22
9.46 7.17
9.44 7.16
9.46 7.21
9.45 7.14
9.5 7.11
9.5 7.15
9.49 7.1
9.53 7.08
9.48 6.92
9.47 6.93
9.44 6.96
9.54 6.89
9.58 6.89
9.56 6.9
9.58 6.91
9.59 6.87
9.64 6.83
9.59 6.86
9.63 6.8
9.58 6.87
8.9 7.41
8.91 7.41
8.83 7.46
8.77 7.44
8.77 7.44
8.78 7.43
8.76 7.37
9.01 7.4
9.11 7.42
9.13 7.45
9.09 7.42
9.08 7.43
8.48 7.28
8.48 7.31
8.53 7.33
8.5 7.34
8.48 7.25
8.48 7.25
8.46 7.23
8.46 7.21
8.64 7.1
8.62 7.13
8.51 7.11
9.36 7.35
9.37 7.33
9.3 7.35
9.29 7.35
9.43 7.31
9.41 7.32
9.45 7.34
9.44 7.35
9.46 7.26
9.48 7.28
9.48 7.23
9.49 7.23
9.5 7.22
9.51 7.21
9.54 7.09
9.56 7.09
9.56 7.08
9.56 7.17
9.43 6.96
9.62 6.95
9.62 6.94
9.65 6.92
8.83 7.49
8.88 7.52
8.85 7.52
8.84 7.52
8.8 7.48
8.81 7.49
8.77 7.46
8.71 7.45
8.73 7.47
8.75 7.44
8.7 7.44
8.71 7.4
8.67 7.37
8.72 7.35
8.98 7.47
9.01 7.52
9.16 7.54
9.07 7.54
8.46 7.31
8.45 7.27
8.47 7.37
8.58 7.38
8.49 7.41
8.48 7.39
8.39 7.27
8.63 7.06
8.58 7.06
9.47 7.36
9.48 7.32
9.44 7.43
9.56 7.26
9.62 7.08
9.53 7.01
9.63 7.13
9.63 7.06
9.64 7.05
9.62 7.22
9.65 7.03
8.87 7.58
8.89 7.52
8.92 7.52
8.9 7.54
8.69 7.46
8.68 7.44
8.66 7.41
8.65 7.37
8.97 7.56
9.03 7.56
9.04 7.61
9.03 7.57
8.99 7.62
8.62 7.45
8.62 7.44
8.54 7.43
8.53 7.42
8.62 7.4
8.49 7.45
8.53 7.45
8.45 7.45
8.49 7.46
8.44 7.44
8.38 7.36
8.36 7.27
8.56 7.06
8.56 7.08
8.55 7.05
9.55 7.33
9.53 7.46
9.52 7.47
9.48 7.52
9.59 7.33
9.6 7.26
8.95 7.64
8.91 7.63
8.95 7.62
8.63 7.47
8.63 7.49
9.06 7.72
8.96 7.65
8.97 7.65
8.57 7.47
8.62 7.48
8.62 7.5
8.44 7.51
8.39 7.46
8.4 7.48
8.41 7.43
8.4 7.42
8.31 7.41
8.32 7.42
8.37 7.38
8.31 7.36
8.32 7.39
8.3 7.35
8.31 7.34
8.28 7.24
9.58 7.41
9.57 7.42
9.58 7.42
9.63 7.37
9.63 7.38
9.59 7.42
9.53 7.51
8.9 7.73
9.0 7.8
9.01 7.82
9.05 7.83
9.04 7.79
8.96 7.78
8.51 7.54
8.43 7.59
8.48 7.57
8.39 7.5
8.41 7.57
8.26 7.43
8.27 7.44
8.31 7.44
8.29 7.43
8.27 7.42
8.23 7.36
8.21 7.35
8.91 7.78
8.89 7.78
8.9 7.85
9.02 7.86
9.0 7.9
8.99 7.85
9.07 7.89
9.07 7.92
9.02 7.92
8.49 7.61
8.52 7.6
8.5 7.63
8.38 7.64
8.4 7.67
8.42 7.64
8.38 7.62
8.36 7.58
8.36 7.58
8.32 7.49
8.27 7.47
8.23 7.48
8.23 7.48
8.87 7.85
8.88 7.87
8.92 7.93
8.94 7.92
8.87 7.89
8.91 7.94
9.08 7.98
9.09 7.95
9.0 7.99
8.54 7.68
8.41 7.68
8.33 7.7
8.37 7.69
8.36 7.65
8.3 7.61
8.28 7.58
8.26 7.58
8.93 7.96
8.93 8.01
8.94 8.03
9.04 8.02
9.03 8.05
9.09 8.04
9.05 8.04
9.02 8.04
9.06 8.02
8.98 8.05
8.42 7.76
8.44 7.73
8.38 7.76
8.31 7.68
8.29 7.69
8.28 7.65
8.88 8.07
8.95 8.12
8.92 8.11
9.06 8.09
8.99 8.11
9.01 8.12
9.02 8.12
9.01 8.16
9.02 8.16
8.91 8.19
8.91 8.17
8.88 8.17
8.86 8.14
9.04 8.15
9.01 8.22
9.0 8.2
8.91 8.26
8.87 8.19
8.85 8.2
8.85 8.24
8.96 8.31
8.9 8.34
8.79 8.24
9.01 8.41
8.96 8.41
8.94 8.42
8.93 8.42
8.94 8.42
8.93 8.4
9.02 8.49
9.04 8.47
9.01 8.43
9.0 8.49
8.95 8.46
8.99 8.47
8.95 8.47
8.96 8.46
8.89 8.48
8.98 8.52
8.96 8.53
8.87 8.53
8.84 8.49
8.83 8.52
8.84 8.49
8.97 8.57
8.94 8.56
8.92 8.57
8.86 8.6
8.88 8.59
8.87 8.58
8.84 8.56
8.85 8.57
8.8 8.54
8.97 8.6
9.0 8.61
9.03 8.58
8.98 8.6
8.96 8.62
8.92 8.6
9.02 8.64
8.96 8.66
9.0 8.66
8.99 8.67
8.99 8.67
9.04 8.57
9.01 8.69
9.01 8.71
8.97 8.69
8.99 8.72
8.99 8.77
8.9 8.7
8.98 8.85
8.92 8.84
8.96 8.84
8.96 8.84
8.92 8.84
8.95 8.8
8.91 8.77
8.91 8.9
8.96 8.88
8.9 8.92
8.87 8.84
8.87 8.85
8.89 8.76
8.86 8.9
8.89 8.71
8.85 8.91
8.85 8.91
8.83 8.9
8.91 9.0
8.9 9.0
8.82 8.95
8.8 8.87
8.81 8.73
8.79 8.93
8.79 8.94
8.76 8.92
8.95 9.07
8.9 9.06
8.9 9.07
8.89 9.05
8.9 9.09
8.84 9.01
8.84 9.02
8.75 8.92
8.77 8.96
8.76 8.86
8.74 8.86
8.85 8.66
8.79 8.77
8.75 8.77
8.77 8.79
8.74 8.78
8.76 8.67
8.78 8.65
8.78 8.66
8.74 8.71
8.74 8.74
8.7 8.93
8.69 8.95
8.69 8.95
8.95 9.13
8.93 9.18
8.85 9.09
8.86 9.12
8.8 9.05
8.68 8.84
8.67 8.82
8.66 8.85
8.73 8.68
8.68 8.72
8.68 8.77
8.67 8.97
8.66 8.93
8.63 8.94
8.64 8.92
8.64 8.93
8.71 9.02
8.63 8.99
8.63 8.91
8.92 9.23
8.86 9.17
8.81 9.11
8.81 9.16
8.81 9.1
8.65 8.69
8.65 8.73
8.64 8.71
8.64 8.71
8.65 8.66
8.64 8.74
8.64 8.82
8.63 8.8
8.63 9.03
8.61 8.94
8.63 8.89
8.6 8.89
8.74 9.07
8.73 9.09
8.69 9.09
8.65 9.06
8.88 9.29
8.89 9.26
8.86 9.28
8.86 9.22
8.83 9.29
8.83 9.26
8.65 8.61
8.63 8.64
8.59 8.74
8.61 8.79
8.65 8.6
8.58 8.65
8.61 8.59
8.59 8.78
8.59 8.78
8.63 8.83
8.57 8.79
8.66 9.11
8.61 9.12
8.68 9.11
8.68 9.13
8.67 9.13
8.67 9.17
8.86 9.33
8.86 9.35
8.82 9.32
8.82 9.3
8.77 9.3
8.75 9.24
8.66 8.51
8.6 8.53
8.59 8.54
8.66 8.5
8.66 9.17
8.61 9.14
8.63 9.2
8.6 9.21
8.81 9.44
8.71 9.34
8.73 9.25
8.73 9.24
8.72 9.35
8.64 8.46
8.65 8.48
8.57 8.46
8.65 9.28
8.69 9.25
8.65 9.27
8.69 9.34
8.61 9.33
8.61 9.34
8.69 9.39
8.66 9.39
8.64 9.42
8.73 9.44
8.74 9.43
8.66 9.48
8.69 9.5
8.54 9.43
8.75 9.45
8.77 9.48
8.78 9.44
8.71 9.5
8.73 9.47
8.7 9.55
8.75 9.53
8.7 9.58
8.8 9.55
8.77 9.61
8.75 9.62
8.86 9.47
5.7 7.12
5.8 7.18
5.65 7.17
5.7 7.08
5.77 7.12
5.77 7.11
5.68 7.16
5.68 7.1
5.9 7.2
5.81 7.2
5.86 7.22
5.83 7.26
5.86 7.21
5.8 7.25
5.78 7.26
5.68 7.29
5.65 7.28
5.66 7.28
5.89 7.26
5.88 7.26
5.77 7.28
5.71 7.3
5.74 7.35
5.69 7.37
5.68 7.39
5.65 7.36
5.6 7.35
5.89 7.36
5.87 7.36
5.77 7.37
5.77 7.35
5.64 7.45
5.65 7.4
5.58 7.39
5.61 7.47
5.87 7.42
5.83 7.36
5.84 7.39
5.79 7.39
5.71 7.5
5.71 7.5
5.7 7.51
5.65 7.54
5.61 7.53
5.62 7.57
5.67 7.56
5.53 7.54
5.86 7.49
5.82 7.46
5.8 7.47
5.8 7.46
5.77 7.47
5.76 7.44
5.77 7.52
5.71 7.53
5.75 7.51
5.73 7.57
5.7 7.61
5.63 7.59
5.67 7.63
5.7 7.62
5.58 7.64
5.43 7.64
5.53 7.62
5.85 7.54
5.83 7.58
5.84 7.53
5.78 7.59
5.73 7.64
5.66 7.7
5.65 7.7
5.56 7.72
5.6 7.71
5.5 7.8
5.55 7.79
5.46 7.82
5.45 7.81
5.82 7.61
5.83 7.62
5.77 7.67
5.8 7.66
5.65 7.74
5.6 7.77
5.59 7.82
5.57 7.82
5.59 7.79
5.6 7.83
5.56 7.84
5.51 7.84
5.85 7.68
5.85 7.68
5.8 7.68
5.78 7.74
5.72 7.73
5.77 7.73
5.59 7.87
5.52 7.87
5.6 7.89
5.55 7.91
5.48 7.89
5.47 7.85
5.81 7.76
5.79 7.82
5.77 7.77
5.73 7.78
5.7 7.74
5.69 7.79
5.63 7.91
5.59 7.92
5.63 7.93
5.65 7.94
5.57 7.94
5.5 7.92
5.49 7.94
5.55 7.95
5.47 7.96
5.47 7.93
5.45 7.92
5.45 7.95
5.4 7.89
5.75 7.82
5.74 7.9
5.73 7.83
5.71 7.81
5.66 7.94
5.68 7.89
5.7 7.92
5.67 7.97
5.62 7.99
5.47 8.0
5.43 7.96
5.43 7.98
5.5 8.01
5.39 7.97
5.38 7.96
5.78 7.93
5.72 7.96
5.73 7.9
5.77 7.92
5.74 7.94
5.77 7.93
5.63 8.01
5.68 8.02
5.73 7.99
5.62 8.0
5.62 8.02
5.64 8.03
5.64 8.03
5.61 8.05
5.44 8.06
5.51 8.02
5.43 8.05
5.76 7.99
5.74 7.99
5.73 8.01
5.67 8.06
5.7 8.06
5.63 8.09
5.55 8.04
5.58 8.09
5.48 8.11
5.43 8.11
5.5 8.08
5.44 8.08
5.45 8.09
5.65 8.12
5.68 8.1
5.68 8.09
5.62 8.16
5.55 8.09
5.54 8.03
5.42 8.16
5.43 8.14
5.43 8.15
5.44 8.19
5.7 8.17
5.72 8.14
5.71 8.17
5.74 8.11
5.64 8.21
5.62 8.21
5.63 8.21
5.61 8.19
5.61 8.22
5.56 8.18
5.61 8.19
5.59 8.2
5.6 8.18
5.44 8.22
5.49 8.23
5.44 8.21
5.64 8.27
5.66 8.26
5.61 8.28
5.57 8.26
5.55 8.25
5.55 8.25
5.55 8.3
5.54 8.31
5.67 8.28
5.65 8.31
5.67 8.32
5.62 8.29
5.59 8.32
6.25 5.88
6.33 5.91
6.33 5.95
6.34 5.97
6.34 5.95
6.3 5.99
6.31 5.97
6.27 5.99
6.27 5.97
6.23 5.89
6.29 6.01
6.33 6.0
6.34 6.0
6.32 6.0
6.29 6.05
6.27 6.05
6.23 6.04
6.26 6.06
6.3 6.09
6.25 6.09
6.27 6.09
6.21 6.07
6.35 6.13
6.35 6.11
6.29 6.12
6.26 6.13
6.29 6.14
6.35 6.21
6.31 6.19
6.25 6.17
6.33 6.31
6.33 6.31
6.36 6.26
6.39 6.26
6.31 6.27
6.42 6.32
6.34 6.37
6.37 6.34
6.41 6.32
6.29 6.3
6.25 6.33
6.26 6.31
6.43 6.35
6.23 6.25
6.45 6.41
6.39 6.39
6.28 6.44
6.37 6.44
6.35 6.44
6.26 6.41
6.27 6.44
6.43 6.46
6.43 6.46
6.48 6.49
6.49 6.51
6.45 6.5
6.43 6.5
6.31 6.5
6.32 6.53
6.5 6.51
6.45 6.55
6.41 6.54
6.41 6.54
6.45 6.59
6.43 6.59
6.37 6.55
6.28 6.59
6.37 6.58
6.33 6.56
6.3 6.61
6.32 6.62
6.51 6.65
6.48 6.65
6.46 6.66
6.48 6.65
6.4 6.66
6.34 6.66
6.33 6.69
6.32 6.71
6.55 6.74
6.52 6.74
6.44 6.68
6.39 6.69
6.41 6.72
6.37 6.7
6.35 6.71
6.32 6.75
6.33 6.8
6.33 6.79
6.5 6.77
6.51 6.79
6.49 6.84
6.47 6.77
6.43 6.78
6.38 6.79
6.46 6.83
6.46 6.85
6.43 6.81
6.5 6.87
6.43 6.88
6.55 6.88
6.44 6.88
6.42 6.83
6.54 6.91
6.52 6.94
6.51 6.93
6.42 6.94
6.44 6.95
6.45 6.93
6.38 6.88
6.35 6.86
6.53 6.97
6.58 6.9
6.54 7.0
6.47 6.98
6.48 6.97
6.43 6.98
6.33 6.92
6.59 7.01
6.56 7.01
6.51 7.03
6.57 7.04
6.48 7.03
6.34 6.97
6.55 7.08
6.53 7.08
6.49 7.09
6.52 7.08
6.52 7.09
6.6 7.11
6.6 7.11
6.64 7.02
6.41 7.04
6.51 7.14
6.46 7.11
6.47 7.14
6.57 7.19
6.66 7.14
6.68 7.15
6.68 7.15
6.68 7.1
6.59 7.15
6.37 7.12
6.39 7.11
6.4 7.1
6.34 7.1
6.45 7.19
6.52 7.21
6.51 7.18
6.41 7.15
6.59 7.25
6.54 7.22
6.56 7.28
6.53 7.26
6.69 7.18
6.71 7.18
6.66 7.25
6.65 7.25
6.34 7.16
6.39 7.21
6.37 7.18
6.46 7.23
6.43 7.24
6.4 7.22
6.64 7.32
6.65 7.31
6.64 7.3
6.61 7.33
6.48 7.29
6.49 7.3
6.68 7.28
6.7 7.31
6.65 7.33
6.71 7.31
6.68 7.3
6.43 7.27
6.48 7.34
6.43 7.36
6.72 7.36
6.76 7.35
6.67 7.39
6.56 7.39
6.53 7.4
6.5 7.41
6.46 7.4
6.71 7.4
6.76 7.39
6.58 7.39
6.57 7.42
6.62 7.4
6.56 7.43
6.55 7.46
6.56 7.42
6.59 7.37
6.51 7.44
6.48 7.47
6.74 7.47
6.8 7.48
6.81 7.48
6.8 7.48
6.64 7.41
6.65 7.43
6.53 7.5
6.48 7.5
6.5 7.51
6.5 7.52
6.51 7.53
6.45 7.48
6.69 7.53
6.82 7.48
6.76 7.53
6.64 7.48
6.66 7.48
6.55 7.54
6.57 7.54
6.51 7.55
6.51 7.57
6.52 7.58
6.41 7.53
6.8 7.6
6.85 7.54
6.72 7.58
6.62 7.56
6.59 7.52
6.59 7.53
6.6 7.56
6.58 7.54
6.47 7.58
6.51 7.62
6.75 7.66
6.82 7.68
6.84 7.68
6.81 7.63
6.71 7.64
6.73 7.64
6.75 7.64
6.61 7.58
6.76 7.74
6.71 7.72
6.76 7.7
6.89 7.71
6.86 7.72
6.82 7.74
6.92 7.72
6.66 7.64
6.6 7.6
6.57 7.63
6.59 7.63
6.78 7.77
6.64 7.78
6.66 7.75
6.93 7.79
6.93 7.8
6.94 7.78
6.9 7.79
6.9 7.8
6.97 7.78
7.0 7.77
6.6 7.67
6.59 7.7
6.51 7.66
6.63 7.78
6.58 7.8
6.56 7.74
6.62 7.76
6.59 7.71
6.9 7.83
6.89 7.85
6.9 7.87
7.01 7.8
6.86 7.86
6.51 7.72
6.86 7.89
6.85 7.86
6.83 7.84
7.05 7.88
7.05 7.87
7.06 7.84
7.03 7.87
6.86 7.95
6.79 7.89
6.8 7.9
6.82 7.91
6.81 7.83
6.78 7.89
6.78 7.79
7.01 7.92
7.14 7.78
7.14 7.79
7.03 7.93
7.06 7.92
7.03 7.9
6.94 7.97
6.93 7.95
6.88 8.02
6.92 8.0
6.89 8.03
6.76 7.95
6.77 7.89
6.75 7.92
6.75 7.87
7.07 8.0
7.08 7.97
6.97 7.98
6.99 8.0
6.99 8.02
7.0 8.0
6.93 8.03
6.94 8.04
6.93 8.03
6.97 7.97
6.84 8.07
6.89 8.1
6.89 8.08
6.95 8.07
6.74 8.0
6.72 8.02
6.69 7.99
6.7 7.92
6.74 7.96
6.99 8.03
7.03 8.02
7.03 8.01
7.0 8.08
6.96 8.08
6.87 8.15
6.8 8.07
6.81 8.1
6.69 8.03
6.69 8.03
6.68 8.09
6.64 7.96
6.6 7.95
6.66 7.92
7.04 8.14
7.04 8.09
6.73 8.14
6.82 8.19
6.79 8.2
6.75 8.18
6.64 8.12
6.6 8.05
6.74 8.18
6.67 8.2
7.1 8.1
7.07 8.19
7.09 8.17
7.1 8.17
7.11 8.14
7.04 8.15
7.06 8.14
7.11 8.09
7.11 8.09
7.08 8.03
7.09 8.06
6.71 8.21
6.72 8.23
6.69 8.22
6.71 8.22
6.89 8.23
6.85 8.25
6.82 8.25
6.8 8.27
6.81 8.24
6.74 8.24
6.75 8.25
6.73 8.25
6.63 8.25
7.1 8.19
7.08 8.21
7.06 8.23
7.02 8.23
7.01 8.21
7.1 8.01
6.94 8.28
6.91 8.28
6.93 8.25
6.94 8.27
6.95 8.18
6.85 8.28
6.85 8.31
6.8 8.31
6.77 8.28
6.74 8.31
7.07 8.27
6.99 8.28
6.98 8.2
6.9 8.35
6.93 8.34
6.96 8.28
6.93 8.33
6.87 8.33
6.85 8.33
6.83 8.35
6.8 8.37
6.8 8.37
6.76 8.34
7.06 8.34
7.16 8.26
6.99 8.34
6.91 8.4
6.88 8.38
6.82 8.41
6.78 8.4
6.86 8.42
7.04 8.37
6.95 8.43
6.89 8.43
6.9 8.43
6.86 8.48
6.83 8.48
